   0.00000   0.50000
   0.01000   0.18690
   0.02000  -0.02013
   0.03000  -0.07946
   0.04000  -0.03161
   0.05000   0.03949
   0.06000   0.06852
   0.07000   0.04626
   0.08000   0.00910
   0.09000  -0.00299
   0.10000   0.01880
   0.11000   0.05098
   0.12000   0.06490
   0.13000   0.05353
   0.14000   0.03449
   0.15000   0.03006
   0.16000   0.04577
   0.17000   0.06735
   0.18000   0.07659
   0.19000   0.06913
   0.20000   0.05709
   0.21000   0.05582
   0.22000   0.06881
   0.23000   0.08540
   0.24000   0.09236
   0.25000   0.08691
   0.26000   0.07860
   0.27000   0.07907
   0.28000   0.09050
   0.29000   0.10418
   0.30000   0.10978
   0.31000   0.10557
   0.32000   0.09960
   0.33000   0.10117
   0.34000   0.11159
   0.35000   0.12335
   0.36000   0.12803
   0.37000   0.12466
   0.38000   0.12031
   0.39000   0.12265
   0.40000   0.13235
   0.41000   0.14274
   0.42000   0.14676
   0.43000   0.14401
   0.44000   0.14085
   0.45000   0.14376
   0.46000   0.15292
   0.47000   0.16227
   0.48000   0.16579
   0.49000   0.16351
   0.50000   0.16127
   0.51000   0.16462
   0.52000   0.17336
   0.53000   0.18189
   0.54000   0.18501
   0.55000   0.18312
   0.56000   0.18161
   0.57000   0.18532
   0.58000   0.19372
   0.59000   0.20158
   0.60000   0.20438
   0.61000   0.20280
   0.62000   0.20189
   0.63000   0.20590
   0.64000   0.21401
   0.65000   0.22132
   0.66000   0.22385
   0.67000   0.22253
   0.68000   0.22213
   0.69000   0.22639
   0.70000   0.23426
   0.71000   0.24109
   0.72000   0.24339
   0.73000   0.24229
   0.74000   0.24234
   0.75000   0.24682
   0.76000   0.25448
   0.77000   0.26090
   0.78000   0.26299
   0.79000   0.26209
   0.80000   0.26253
   0.81000   0.26719
   0.82000   0.27467
   0.83000   0.28072
   0.84000   0.28263
   0.85000   0.28191
   0.86000   0.28269
   0.87000   0.28753
   0.88000   0.29484
   0.89000   0.30056
   0.90000   0.30231
   0.91000   0.30175
   0.92000   0.30285
   0.93000   0.30784
   0.94000   0.31499
   0.95000   0.32042
   0.96000   0.32202
   0.97000   0.32160
   0.98000   0.32298
   0.99000   0.32812
   1.00000   0.33513
   1.01000   0.34028
   1.02000   0.34175
   1.03000   0.34147
   1.04000   0.34311
   1.05000   0.34838
   1.06000   0.35527
   1.07000   0.36016
   1.08000   0.36150
   1.09000   0.36134
   1.10000   0.36323
   1.11000   0.36862
   1.12000   0.37539
   1.13000   0.38004
   1.14000   0.38126
   1.15000   0.38122
   1.16000   0.38335
   1.17000   0.38885
   1.18000   0.39550
   1.19000   0.39993
   1.20000   0.40103
   1.21000   0.40111
   1.22000   0.40346
   1.23000   0.40908
   1.24000   0.41562
   1.25000   0.41982
   1.26000   0.42082
   1.27000   0.42100
   1.28000   0.42357
   1.29000   0.42929
   1.30000   0.43572
   1.31000   0.43972
   1.32000   0.44061
   1.33000   0.44089
   1.34000   0.44367
   1.35000   0.44950
   1.36000   0.45583
   1.37000   0.45961
   1.38000   0.46040
   1.39000   0.46079
   1.40000   0.46377
   1.41000   0.46970
   1.42000   0.47593
   1.43000   0.47951
   1.44000   0.48020
   1.45000   0.48069
   1.46000   0.48387
   1.47000   0.48990
   1.48000   0.49603
   1.49000   0.49941
   1.50000   0.50000
   1.51000   0.50059
   1.52000   0.50397
   1.53000   0.51010
   1.54000   0.51613
   1.55000   0.51931
   1.56000   0.51980
   1.57000   0.52049
   1.58000   0.52407
   1.59000   0.53030
   1.60000   0.53623
   1.61000   0.53921
   1.62000   0.53960
   1.63000   0.54039
   1.64000   0.54417
   1.65000   0.55050
   1.66000   0.55633
   1.67000   0.55911
   1.68000   0.55939
   1.69000   0.56028
   1.70000   0.56428
   1.71000   0.57071
   1.72000   0.57643
   1.73000   0.57900
   1.74000   0.57918
   1.75000   0.58018
   1.76000   0.58438
   1.77000   0.59092
   1.78000   0.59654
   1.79000   0.59889
   1.80000   0.59897
   1.81000   0.60007
   1.82000   0.60450
   1.83000   0.61115
   1.84000   0.61665
   1.85000   0.61878
   1.86000   0.61874
   1.87000   0.61996
   1.88000   0.62461
   1.89000   0.63138
   1.90000   0.63677
   1.91000   0.63866
   1.92000   0.63850
   1.93000   0.63984
   1.94000   0.64473
   1.95000   0.65162
   1.96000   0.65689
   1.97000   0.65853
   1.98000   0.65825
   1.99000   0.65972
   2.00000   0.66487
   2.01000   0.67188
   2.02000   0.67702
   2.03000   0.67840
   2.04000   0.67798
   2.05000   0.67958
   2.06000   0.68501
   2.07000   0.69216
   2.08000   0.69715
   2.09000   0.69825
   2.10000   0.69769
   2.11000   0.69944
   2.12000   0.70516
   2.13000   0.71247
   2.14000   0.71731
   2.15000   0.71809
   2.16000   0.71737
   2.17000   0.71928
   2.18000   0.72533
   2.19000   0.73281
   2.20000   0.73747
   2.21000   0.73791
   2.22000   0.73701
   2.23000   0.73910
   2.24000   0.74552
   2.25000   0.75318
   2.26000   0.75766
   2.27000   0.75771
   2.28000   0.75661
   2.29000   0.75891
   2.30000   0.76574
   2.31000   0.77361
   2.32000   0.77787
   2.33000   0.77747
   2.34000   0.77615
   2.35000   0.77868
   2.36000   0.78599
   2.37000   0.79410
   2.38000   0.79811
   2.39000   0.79720
   2.40000   0.79562
   2.41000   0.79842
   2.42000   0.80628
   2.43000   0.81468
   2.44000   0.81839
   2.45000   0.81688
   2.46000   0.81499
   2.47000   0.81811
   2.48000   0.82664
   2.49000   0.83538
   2.50000   0.83873
   2.51000   0.83649
   2.52000   0.83421
   2.53000   0.83773
   2.54000   0.84708
   2.55000   0.85624
   2.56000   0.85915
   2.57000   0.85599
   2.58000   0.85324
   2.59000   0.85726
   2.60000   0.86765
   2.61000   0.87735
   2.62000   0.87969
   2.63000   0.87534
   2.64000   0.87197
   2.65000   0.87665
   2.66000   0.88841
   2.67000   0.89883
   2.68000   0.90040
   2.69000   0.89443
   2.70000   0.89022
   2.71000   0.89582
   2.72000   0.90950
   2.73000   0.92093
   2.74000   0.92140
   2.75000   0.91309
   2.76000   0.90764
   2.77000   0.91460
   2.78000   0.93119
   2.79000   0.94418
   2.80000   0.94291
   2.81000   0.93087
   2.82000   0.92341
   2.83000   0.93265
   2.84000   0.95423
   2.85000   0.96994
   2.86000   0.96551
   2.87000   0.94647
   2.88000   0.93510
   2.89000   0.94902
   2.90000   0.98120
   2.91000   1.00299
   2.92000   0.99090
   2.93000   0.95374
   2.94000   0.93148
   2.95000   0.96051
   2.96000   1.03161
   2.97000   1.07946
   2.98000   1.02013
   2.99000   0.81310
   3.00000   0.50000
   3.01000   0.18690
   3.02000  -0.02013
   3.03000  -0.07946
   3.04000  -0.03161
   3.05000   0.03949
   3.06000   0.06852
   3.07000   0.04626
   3.08000   0.00910
   3.09000  -0.00299
   3.10000   0.01880
   3.11000   0.05098
   3.12000   0.06490
   3.13000   0.05353
   3.14000   0.03449
   3.15000   0.03006
   3.16000   0.04577
   3.17000   0.06735
   3.18000   0.07659
   3.19000   0.06913
   3.20000   0.05709
   3.21000   0.05582
   3.22000   0.06881
   3.23000   0.08540
   3.24000   0.09236
   3.25000   0.08691
   3.26000   0.07860
   3.27000   0.07907
   3.28000   0.09050
   3.29000   0.10418
   3.30000   0.10978
   3.31000   0.10557
   3.32000   0.09960
   3.33000   0.10117
   3.34000   0.11159
   3.35000   0.12335
   3.36000   0.12803
   3.37000   0.12466
   3.38000   0.12031
   3.39000   0.12265
   3.40000   0.13235
   3.41000   0.14274
   3.42000   0.14676
   3.43000   0.14401
   3.44000   0.14085
   3.45000   0.14376
   3.46000   0.15292
   3.47000   0.16227
   3.48000   0.16579
   3.49000   0.16351
   3.50000   0.16127
   3.51000   0.16462
   3.52000   0.17336
   3.53000   0.18189
   3.54000   0.18501
   3.55000   0.18312
   3.56000   0.18161
   3.57000   0.18532
   3.58000   0.19372
   3.59000   0.20158
   3.60000   0.20438
   3.61000   0.20280
   3.62000   0.20189
   3.63000   0.20590
   3.64000   0.21401
   3.65000   0.22132
   3.66000   0.22385
   3.67000   0.22253
   3.68000   0.22213
   3.69000   0.22639
   3.70000   0.23426
   3.71000   0.24109
   3.72000   0.24339
   3.73000   0.24229
   3.74000   0.24234
   3.75000   0.24682
   3.76000   0.25448
   3.77000   0.26090
   3.78000   0.26299
   3.79000   0.26209
   3.80000   0.26253
   3.81000   0.26719
   3.82000   0.27467
   3.83000   0.28072
   3.84000   0.28263
   3.85000   0.28191
   3.86000   0.28269
   3.87000   0.28753
   3.88000   0.29484
   3.89000   0.30056
   3.90000   0.30231
   3.91000   0.30175
   3.92000   0.30285
   3.93000   0.30784
   3.94000   0.31499
   3.95000   0.32042
   3.96000   0.32202
   3.97000   0.32160
   3.98000   0.32298
   3.99000   0.32812
   4.00000   0.33513
   4.01000   0.34028
   4.02000   0.34175
   4.03000   0.34147
   4.04000   0.34311
   4.05000   0.34838
   4.06000   0.35527
   4.07000   0.36016
   4.08000   0.36150
   4.09000   0.36134
   4.10000   0.36323
   4.11000   0.36862
   4.12000   0.37539
   4.13000   0.38004
   4.14000   0.38126
   4.15000   0.38122
   4.16000   0.38335
   4.17000   0.38885
   4.18000   0.39550
   4.19000   0.39993
   4.20000   0.40103
   4.21000   0.40111
   4.22000   0.40346
   4.23000   0.40908
   4.24000   0.41562
   4.25000   0.41982
   4.26000   0.42082
   4.27000   0.42100
   4.28000   0.42357
   4.29000   0.42929
   4.30000   0.43572
   4.31000   0.43972
   4.32000   0.44061
   4.33000   0.44089
   4.34000   0.44367
   4.35000   0.44950
   4.36000   0.45583
   4.37000   0.45961
   4.38000   0.46040
   4.39000   0.46079
   4.40000   0.46377
   4.41000   0.46970
   4.42000   0.47593
   4.43000   0.47951
   4.44000   0.48020
   4.45000   0.48069
   4.46000   0.48387
   4.47000   0.48990
   4.48000   0.49603
   4.49000   0.49941
   4.50000   0.50000
   4.51000   0.50059
   4.52000   0.50397
   4.53000   0.51010
   4.54000   0.51613
   4.55000   0.51931
   4.56000   0.51980
   4.57000   0.52049
   4.58000   0.52407
   4.59000   0.53030
   4.60000   0.53623
   4.61000   0.53921
   4.62000   0.53960
   4.63000   0.54039
   4.64000   0.54417
   4.65000   0.55050
   4.66000   0.55633
   4.67000   0.55911
   4.68000   0.55939
   4.69000   0.56028
   4.70000   0.56428
   4.71000   0.57071
   4.72000   0.57643
   4.73000   0.57900
   4.74000   0.57918
   4.75000   0.58018
   4.76000   0.58438
   4.77000   0.59092
   4.78000   0.59654
   4.79000   0.59889
   4.80000   0.59897
   4.81000   0.60007
   4.82000   0.60450
   4.83000   0.61115
   4.84000   0.61665
   4.85000   0.61878
   4.86000   0.61874
   4.87000   0.61996
   4.88000   0.62461
   4.89000   0.63138
   4.90000   0.63677
   4.91000   0.63866
   4.92000   0.63850
   4.93000   0.63984
   4.94000   0.64473
   4.95000   0.65162
   4.96000   0.65689
   4.97000   0.65853
   4.98000   0.65825
   4.99000   0.65972
   5.00000   0.66487
   5.01000   0.67188
   5.02000   0.67702
   5.03000   0.67840
   5.04000   0.67798
   5.05000   0.67958
   5.06000   0.68501
   5.07000   0.69216
   5.08000   0.69715
   5.09000   0.69825
   5.10000   0.69769
   5.11000   0.69944
   5.12000   0.70516
   5.13000   0.71247
   5.14000   0.71731
   5.15000   0.71809
   5.16000   0.71737
   5.17000   0.71928
   5.18000   0.72533
   5.19000   0.73281
   5.20000   0.73747
   5.21000   0.73791
   5.22000   0.73701
   5.23000   0.73910
   5.24000   0.74552
   5.25000   0.75318
   5.26000   0.75766
   5.27000   0.75771
   5.28000   0.75661
   5.29000   0.75891
   5.30000   0.76574
   5.31000   0.77361
   5.32000   0.77787
   5.33000   0.77747
   5.34000   0.77615
   5.35000   0.77868
   5.36000   0.78599
   5.37000   0.79410
   5.38000   0.79811
   5.39000   0.79720
   5.40000   0.79562
   5.41000   0.79842
   5.42000   0.80628
   5.43000   0.81468
   5.44000   0.81839
   5.45000   0.81688
   5.46000   0.81499
   5.47000   0.81811
   5.48000   0.82664
   5.49000   0.83538
   5.50000   0.83873
   5.51000   0.83649
   5.52000   0.83421
   5.53000   0.83773
   5.54000   0.84708
   5.55000   0.85624
   5.56000   0.85915
   5.57000   0.85599
   5.58000   0.85324
   5.59000   0.85726
   5.60000   0.86765
   5.61000   0.87735
   5.62000   0.87969
   5.63000   0.87534
   5.64000   0.87197
   5.65000   0.87665
   5.66000   0.88841
   5.67000   0.89883
   5.68000   0.90040
   5.69000   0.89443
   5.70000   0.89022
   5.71000   0.89582
   5.72000   0.90950
   5.73000   0.92093
   5.74000   0.92140
   5.75000   0.91309
   5.76000   0.90764
   5.77000   0.91460
   5.78000   0.93119
   5.79000   0.94418
   5.80000   0.94291
   5.81000   0.93087
   5.82000   0.92341
   5.83000   0.93265
   5.84000   0.95423
   5.85000   0.96994
   5.86000   0.96551
   5.87000   0.94647
   5.88000   0.93510
   5.89000   0.94902
   5.90000   0.98120
   5.91000   1.00299
   5.92000   0.99090
   5.93000   0.95374
   5.94000   0.93148
   5.95000   0.96051
   5.96000   1.03161
   5.97000   1.07946
   5.98000   1.02013
   5.99000   0.81310
   6.00000   0.50000
   6.01000   0.18690
   6.02000  -0.02013
   6.03000  -0.07946
   6.04000  -0.03161
   6.05000   0.03949
   6.06000   0.06852
   6.07000   0.04626
   6.08000   0.00910
   6.09000  -0.00299
   6.10000   0.01880
   6.11000   0.05098
   6.12000   0.06490
   6.13000   0.05353
   6.14000   0.03449
   6.15000   0.03006
   6.16000   0.04577
   6.17000   0.06735
   6.18000   0.07659
   6.19000   0.06913
   6.20000   0.05709
   6.21000   0.05582
   6.22000   0.06881
   6.23000   0.08540
   6.24000   0.09236
   6.25000   0.08691
   6.26000   0.07860
   6.27000   0.07907
   6.28000   0.09050
   6.29000   0.10418
   6.30000   0.10978
   6.31000   0.10557
   6.32000   0.09960
   6.33000   0.10117
   6.34000   0.11159
   6.35000   0.12335
   6.36000   0.12803
   6.37000   0.12466
   6.38000   0.12031
   6.39000   0.12265
   6.40000   0.13235
   6.41000   0.14274
   6.42000   0.14676
   6.43000   0.14401
   6.44000   0.14085
   6.45000   0.14376
   6.46000   0.15292
   6.47000   0.16227
   6.48000   0.16579
   6.49000   0.16351
   6.50000   0.16127
   6.51000   0.16462
   6.52000   0.17336
   6.53000   0.18189
   6.54000   0.18501
   6.55000   0.18312
   6.56000   0.18161
   6.57000   0.18532
   6.58000   0.19372
   6.59000   0.20158
   6.60000   0.20438
   6.61000   0.20280
   6.62000   0.20189
   6.63000   0.20590
   6.64000   0.21401
   6.65000   0.22132
   6.66000   0.22385
   6.67000   0.22253
   6.68000   0.22213
   6.69000   0.22639
   6.70000   0.23426
   6.71000   0.24109
   6.72000   0.24339
   6.73000   0.24229
   6.74000   0.24234
   6.75000   0.24682
   6.76000   0.25448
   6.77000   0.26090
   6.78000   0.26299
   6.79000   0.26209
   6.80000   0.26253
   6.81000   0.26719
   6.82000   0.27467
   6.83000   0.28072
   6.84000   0.28263
   6.85000   0.28191
   6.86000   0.28269
   6.87000   0.28753
   6.88000   0.29484
   6.89000   0.30056
   6.90000   0.30231
   6.91000   0.30175
   6.92000   0.30285
   6.93000   0.30784
   6.94000   0.31499
   6.95000   0.32042
   6.96000   0.32202
   6.97000   0.32160
   6.98000   0.32298
   6.99000   0.32812
   7.00000   0.33513
   7.01000   0.34028
   7.02000   0.34175
   7.03000   0.34147
   7.04000   0.34311
   7.05000   0.34838
   7.06000   0.35527
   7.07000   0.36016
   7.08000   0.36150
   7.09000   0.36134
   7.10000   0.36323
   7.11000   0.36862
   7.12000   0.37539
   7.13000   0.38004
   7.14000   0.38126
   7.15000   0.38122
   7.16000   0.38335
   7.17000   0.38885
   7.18000   0.39550
   7.19000   0.39993
   7.20000   0.40103
   7.21000   0.40111
   7.22000   0.40346
   7.23000   0.40908
   7.24000   0.41562
   7.25000   0.41982
   7.26000   0.42082
   7.27000   0.42100
   7.28000   0.42357
   7.29000   0.42929
   7.30000   0.43572
   7.31000   0.43972
   7.32000   0.44061
   7.33000   0.44089
   7.34000   0.44367
   7.35000   0.44950
   7.36000   0.45583
   7.37000   0.45961
   7.38000   0.46040
   7.39000   0.46079
   7.40000   0.46377
   7.41000   0.46970
   7.42000   0.47593
   7.43000   0.47951
   7.44000   0.48020
   7.45000   0.48069
   7.46000   0.48387
   7.47000   0.48990
   7.48000   0.49603
   7.49000   0.49941
   7.50000   0.50000
