   0.00000   1.15000
   0.00001   1.14970
   0.00002   1.14880
   0.00003   1.14730
   0.00004   1.14521
   0.00005   1.14254
   0.00006   1.13929
   0.00007   1.13548
   0.00008   1.13113
   0.00009   1.12625
   0.00010   1.12086
   0.00011   1.11498
   0.00012   1.10863
   0.00013   1.10185
   0.00014   1.09465
   0.00015   1.08706
   0.00016   1.07911
   0.00017   1.07084
   0.00018   1.06227
   0.00019   1.05344
   0.00020   1.04438
   0.00021   1.03513
   0.00022   1.02572
   0.00023   1.01619
   0.00024   1.00658
   0.00025   0.99692
   0.00026   0.98725
   0.00027   0.97760
   0.00028   0.96803
   0.00029   0.95855
   0.00030   0.94921
   0.00031   0.94004
   0.00032   0.93108
   0.00033   0.92237
   0.00034   0.91393
   0.00035   0.90579
   0.00036   0.89800
   0.00037   0.89057
   0.00038   0.88354
   0.00039   0.87693
   0.00040   0.87076
   0.00041   0.86507
   0.00042   0.85986
   0.00043   0.85517
   0.00044   0.85099
   0.00045   0.84737
   0.00046   0.84429
   0.00047   0.84178
   0.00048   0.83983
   0.00049   0.83847
   0.00050   0.83769
   0.00051   0.83749
   0.00052   0.83787
   0.00053   0.83883
   0.00054   0.84036
   0.00055   0.84245
   0.00056   0.84510
   0.00057   0.84829
   0.00058   0.85200
   0.00059   0.85622
   0.00060   0.86093
   0.00061   0.86612
   0.00062   0.87175
   0.00063   0.87780
   0.00064   0.88424
   0.00065   0.89106
   0.00066   0.89821
   0.00067   0.90567
   0.00068   0.91340
   0.00069   0.92138
   0.00070   0.92956
   0.00071   0.93792
   0.00072   0.94642
   0.00073   0.95502
   0.00074   0.96368
   0.00075   0.97237
   0.00076   0.98105
   0.00077   0.98968
   0.00078   0.99823
   0.00079   1.00666
   0.00080   1.01494
   0.00081   1.02302
   0.00082   1.03087
   0.00083   1.03846
   0.00084   1.04576
   0.00085   1.05273
   0.00086   1.05934
   0.00087   1.06556
   0.00088   1.07137
   0.00089   1.07674
   0.00090   1.08165
   0.00091   1.08606
   0.00092   1.08997
   0.00093   1.09335
   0.00094   1.09618
   0.00095   1.09845
   0.00096   1.10015
   0.00097   1.10127
   0.00098   1.10180
   0.00099   1.10173
   0.00100   1.10106
   0.00101   1.09979
   0.00102   1.09791
   0.00103   1.09544
   0.00104   1.09239
   0.00105   1.08874
   0.00106   1.08453
   0.00107   1.07976
   0.00108   1.07444
   0.00109   1.06859
   0.00110   1.06223
   0.00111   1.05539
   0.00112   1.04808
   0.00113   1.04033
   0.00114   1.03216
   0.00115   1.02361
   0.00116   1.01470
   0.00117   1.00547
   0.00118   0.99594
   0.00119   0.98615
   0.00120   0.97613
   0.00121   0.96592
   0.00122   0.95555
   0.00123   0.94507
   0.00124   0.93450
   0.00125   0.92388
   0.00126   0.91325
   0.00127   0.90266
   0.00128   0.89212
   0.00129   0.88169
   0.00130   0.87140
   0.00131   0.86128
   0.00132   0.85137
   0.00133   0.84171
   0.00134   0.83232
   0.00135   0.82324
   0.00136   0.81449
   0.00137   0.80612
   0.00138   0.79814
   0.00139   0.79058
   0.00140   0.78347
   0.00141   0.77684
   0.00142   0.77069
   0.00143   0.76505
   0.00144   0.75994
   0.00145   0.75537
   0.00146   0.75135
   0.00147   0.74790
   0.00148   0.74502
   0.00149   0.74272
   0.00150   0.74101
   0.00151   0.73987
   0.00152   0.73932
   0.00153   0.73935
   0.00154   0.73994
   0.00155   0.74111
   0.00156   0.74282
   0.00157   0.74508
   0.00158   0.74787
   0.00159   0.75117
   0.00160   0.75495
   0.00161   0.75921
   0.00162   0.76392
   0.00163   0.76905
   0.00164   0.77457
   0.00165   0.78046
   0.00166   0.78670
   0.00167   0.79324
   0.00168   0.80006
   0.00169   0.80712
   0.00170   0.81439
   0.00171   0.82184
   0.00172   0.82942
   0.00173   0.83711
   0.00174   0.84486
   0.00175   0.85264
   0.00176   0.86041
   0.00177   0.86814
   0.00178   0.87579
   0.00179   0.88331
   0.00180   0.89068
   0.00181   0.89786
   0.00182   0.90481
   0.00183   0.91150
   0.00184   0.91790
   0.00185   0.92398
   0.00186   0.92969
   0.00187   0.93502
   0.00188   0.93994
   0.00189   0.94442
   0.00190   0.94843
   0.00191   0.95196
   0.00192   0.95498
   0.00193   0.95747
   0.00194   0.95942
   0.00195   0.96081
   0.00196   0.96163
   0.00197   0.96186
   0.00198   0.96151
   0.00199   0.96056
   0.00200   0.95902
   0.00201   0.95687
   0.00202   0.95413
   0.00203   0.95078
   0.00204   0.94685
   0.00205   0.94234
   0.00206   0.93726
   0.00207   0.93162
   0.00208   0.92544
   0.00209   0.91873
   0.00210   0.91151
   0.00211   0.90380
   0.00212   0.89563
   0.00213   0.88703
   0.00214   0.87800
   0.00215   0.86860
   0.00216   0.85884
   0.00217   0.84875
   0.00218   0.83837
   0.00219   0.82773
   0.00220   0.81687
   0.00221   0.80581
   0.00222   0.79460
   0.00223   0.78327
   0.00224   0.77186
   0.00225   0.76041
   0.00226   0.74894
   0.00227   0.73751
   0.00228   0.72614
   0.00229   0.71488
   0.00230   0.70376
   0.00231   0.69281
   0.00232   0.68207
   0.00233   0.67158
   0.00234   0.66137
   0.00235   0.65146
   0.00236   0.64190
   0.00237   0.63271
   0.00238   0.62391
   0.00239   0.61554
   0.00240   0.60762
   0.00241   0.60017
   0.00242   0.59321
   0.00243   0.58676
   0.00244   0.58084
   0.00245   0.57547
   0.00246   0.57065
   0.00247   0.56640
   0.00248   0.56272
   0.00249   0.55962
   0.00250   0.55711
   0.00251   0.55518
   0.00252   0.55383
   0.00253   0.55307
   0.00254   0.55288
   0.00255   0.55325
   0.00256   0.55419
   0.00257   0.55566
   0.00258   0.55767
   0.00259   0.56018
   0.00260   0.56319
   0.00261   0.56668
   0.00262   0.57061
   0.00263   0.57496
   0.00264   0.57972
   0.00265   0.58484
   0.00266   0.59031
   0.00267   0.59609
   0.00268   0.60214
   0.00269   0.60845
   0.00270   0.61496
   0.00271   0.62165
   0.00272   0.62848
   0.00273   0.63541
   0.00274   0.64242
   0.00275   0.64945
   0.00276   0.65647
   0.00277   0.66346
   0.00278   0.67036
   0.00279   0.67714
   0.00280   0.68378
   0.00281   0.69022
   0.00282   0.69644
   0.00283   0.70240
   0.00284   0.70807
   0.00285   0.71341
   0.00286   0.71840
   0.00287   0.72301
   0.00288   0.72720
   0.00289   0.73096
   0.00290   0.73426
   0.00291   0.73707
   0.00292   0.73938
   0.00293   0.74116
   0.00294   0.74240
   0.00295   0.74308
   0.00296   0.74319
   0.00297   0.74273
   0.00298   0.74167
   0.00299   0.74003
   0.00300   0.73779
   0.00301   0.73494
   0.00302   0.73151
   0.00303   0.72748
   0.00304   0.72286
   0.00305   0.71766
   0.00306   0.71190
   0.00307   0.70558
   0.00308   0.69871
   0.00309   0.69133
   0.00310   0.68344
   0.00311   0.67506
   0.00312   0.66622
   0.00313   0.65695
   0.00314   0.64726
   0.00315   0.63719
   0.00316   0.62677
   0.00317   0.61602
   0.00318   0.60499
   0.00319   0.59370
   0.00320   0.58218
   0.00321   0.57048
   0.00322   0.55862
   0.00323   0.54665
   0.00324   0.53459
   0.00325   0.52250
   0.00326   0.51040
   0.00327   0.49833
   0.00328   0.48633
   0.00329   0.47444
   0.00330   0.46269
   0.00331   0.45112
   0.00332   0.43976
   0.00333   0.42864
   0.00334   0.41781
   0.00335   0.40729
   0.00336   0.39711
   0.00337   0.38731
   0.00338   0.37790
   0.00339   0.36893
   0.00340   0.36040
   0.00341   0.35235
   0.00342   0.34479
   0.00343   0.33775
   0.00344   0.33124
   0.00345   0.32527
   0.00346   0.31986
   0.00347   0.31502
   0.00348   0.31076
   0.00349   0.30708
   0.00350   0.30399
   0.00351   0.30149
   0.00352   0.29957
   0.00353   0.29823
   0.00354   0.29747
   0.00355   0.29728
   0.00356   0.29765
   0.00357   0.29856
   0.00358   0.30001
   0.00359   0.30197
   0.00360   0.30443
   0.00361   0.30736
   0.00362   0.31074
   0.00363   0.31455
   0.00364   0.31876
   0.00365   0.32335
   0.00366   0.32828
   0.00367   0.33352
   0.00368   0.33904
   0.00369   0.34481
   0.00370   0.35080
   0.00371   0.35696
   0.00372   0.36327
   0.00373   0.36968
   0.00374   0.37617
   0.00375   0.38268
   0.00376   0.38920
   0.00377   0.39567
   0.00378   0.40207
   0.00379   0.40835
   0.00380   0.41448
   0.00381   0.42042
   0.00382   0.42614
   0.00383   0.43161
   0.00384   0.43679
   0.00385   0.44164
   0.00386   0.44615
   0.00387   0.45027
   0.00388   0.45399
   0.00389   0.45727
   0.00390   0.46009
   0.00391   0.46243
   0.00392   0.46427
   0.00393   0.46558
   0.00394   0.46635
   0.00395   0.46658
   0.00396   0.46623
   0.00397   0.46531
   0.00398   0.46380
   0.00399   0.46171
   0.00400   0.45902
   0.00401   0.45573
   0.00402   0.45185
   0.00403   0.44738
   0.00404   0.44233
   0.00405   0.43670
   0.00406   0.43050
   0.00407   0.42375
   0.00408   0.41647
   0.00409   0.40866
   0.00410   0.40034
   0.00411   0.39155
   0.00412   0.38230
   0.00413   0.37261
   0.00414   0.36252
   0.00415   0.35204
   0.00416   0.34122
   0.00417   0.33007
   0.00418   0.31864
   0.00419   0.30695
   0.00420   0.29504
   0.00421   0.28295
   0.00422   0.27071
   0.00423   0.25835
   0.00424   0.24592
   0.00425   0.23345
   0.00426   0.22097
   0.00427   0.20853
   0.00428   0.19616
   0.00429   0.18390
   0.00430   0.17179
   0.00431   0.15986
   0.00432   0.14814
   0.00433   0.13667
   0.00434   0.12549
   0.00435   0.11462
   0.00436   0.10410
   0.00437   0.09395
   0.00438   0.08420
   0.00439   0.07489
   0.00440   0.06603
   0.00441   0.05765
   0.00442   0.04976
   0.00443   0.04239
   0.00444   0.03556
   0.00445   0.02927
   0.00446   0.02355
   0.00447   0.01839
   0.00448   0.01382
   0.00449   0.00983
   0.00450   0.00643
   0.00451   0.00363
   0.00452   0.00141
   0.00453  -0.00022
   0.00454  -0.00128
   0.00455  -0.00176
   0.00456  -0.00168
   0.00457  -0.00105
   0.00458   0.00012
   0.00459   0.00180
   0.00460   0.00398
   0.00461   0.00664
   0.00462   0.00975
   0.00463   0.01330
   0.00464   0.01724
   0.00465   0.02157
   0.00466   0.02624
   0.00467   0.03122
   0.00468   0.03649
   0.00469   0.04202
   0.00470   0.04776
   0.00471   0.05368
   0.00472   0.05974
   0.00473   0.06592
   0.00474   0.07217
   0.00475   0.07846
   0.00476   0.08475
   0.00477   0.09099
   0.00478   0.09717
   0.00479   0.10323
   0.00480   0.10914
   0.00481   0.11487
   0.00482   0.12039
   0.00483   0.12564
   0.00484   0.13062
   0.00485   0.13527
   0.00486   0.13958
   0.00487   0.14351
   0.00488   0.14704
   0.00489   0.15013
   0.00490   0.15276
   0.00491   0.15492
   0.00492   0.15658
   0.00493   0.15771
   0.00494   0.15831
   0.00495   0.15837
   0.00496   0.15785
   0.00497   0.15677
   0.00498   0.15510
   0.00499   0.15285
   0.00500   0.15000
   0.00501   0.14656
   0.00502   0.14253
   0.00503   0.13792
   0.00504   0.13272
   0.00505   0.12695
   0.00506   0.12062
   0.00507   0.11373
   0.00508   0.10632
   0.00509   0.09838
   0.00510   0.08994
   0.00511   0.08103
   0.00512   0.07166
   0.00513   0.06185
   0.00514   0.05165
   0.00515   0.04106
   0.00516   0.03013
   0.00517   0.01888
   0.00518   0.00735
   0.00519  -0.00444
   0.00520  -0.01644
   0.00521  -0.02862
   0.00522  -0.04095
   0.00523  -0.05339
   0.00524  -0.06591
   0.00525  -0.07846
   0.00526  -0.09101
   0.00527  -0.10352
   0.00528  -0.11596
   0.00529  -0.12828
   0.00530  -0.14046
   0.00531  -0.15245
   0.00532  -0.16423
   0.00533  -0.17575
   0.00534  -0.18699
   0.00535  -0.19790
   0.00536  -0.20847
   0.00537  -0.21866
   0.00538  -0.22844
   0.00539  -0.23779
   0.00540  -0.24669
   0.00541  -0.25510
   0.00542  -0.26301
   0.00543  -0.27040
   0.00544  -0.27726
   0.00545  -0.28356
   0.00546  -0.28930
   0.00547  -0.29446
   0.00548  -0.29904
   0.00549  -0.30303
   0.00550  -0.30643
   0.00551  -0.30924
   0.00552  -0.31145
   0.00553  -0.31308
   0.00554  -0.31412
   0.00555  -0.31459
   0.00556  -0.31449
   0.00557  -0.31384
   0.00558  -0.31265
   0.00559  -0.31094
   0.00560  -0.30873
   0.00561  -0.30604
   0.00562  -0.30289
   0.00563  -0.29931
   0.00564  -0.29532
   0.00565  -0.29096
   0.00566  -0.28624
   0.00567  -0.28120
   0.00568  -0.27587
   0.00569  -0.27029
   0.00570  -0.26450
   0.00571  -0.25851
   0.00572  -0.25238
   0.00573  -0.24613
   0.00574  -0.23981
   0.00575  -0.23345
   0.00576  -0.22708
   0.00577  -0.22075
   0.00578  -0.21449
   0.00579  -0.20834
   0.00580  -0.20234
   0.00581  -0.19651
   0.00582  -0.19090
   0.00583  -0.18554
   0.00584  -0.18047
   0.00585  -0.17571
   0.00586  -0.17129
   0.00587  -0.16725
   0.00588  -0.16361
   0.00589  -0.16040
   0.00590  -0.15764
   0.00591  -0.15536
   0.00592  -0.15357
   0.00593  -0.15231
   0.00594  -0.15157
   0.00595  -0.15138
   0.00596  -0.15175
   0.00597  -0.15270
   0.00598  -0.15422
   0.00599  -0.15632
   0.00600  -0.15902
   0.00601  -0.16230
   0.00602  -0.16617
   0.00603  -0.17062
   0.00604  -0.17566
   0.00605  -0.18126
   0.00606  -0.18742
   0.00607  -0.19413
   0.00608  -0.20137
   0.00609  -0.20913
   0.00610  -0.21739
   0.00611  -0.22612
   0.00612  -0.23530
   0.00613  -0.24491
   0.00614  -0.25492
   0.00615  -0.26531
   0.00616  -0.27604
   0.00617  -0.28708
   0.00618  -0.29841
   0.00619  -0.30998
   0.00620  -0.32177
   0.00621  -0.33374
   0.00622  -0.34585
   0.00623  -0.35807
   0.00624  -0.37036
   0.00625  -0.38268
   0.00626  -0.39500
   0.00627  -0.40728
   0.00628  -0.41948
   0.00629  -0.43157
   0.00630  -0.44350
   0.00631  -0.45525
   0.00632  -0.46677
   0.00633  -0.47804
   0.00634  -0.48902
   0.00635  -0.49968
   0.00636  -0.50999
   0.00637  -0.51991
   0.00638  -0.52943
   0.00639  -0.53851
   0.00640  -0.54713
   0.00641  -0.55527
   0.00642  -0.56290
   0.00643  -0.57001
   0.00644  -0.57658
   0.00645  -0.58260
   0.00646  -0.58805
   0.00647  -0.59292
   0.00648  -0.59720
   0.00649  -0.60089
   0.00650  -0.60399
   0.00651  -0.60649
   0.00652  -0.60840
   0.00653  -0.60971
   0.00654  -0.61044
   0.00655  -0.61059
   0.00656  -0.61017
   0.00657  -0.60920
   0.00658  -0.60768
   0.00659  -0.60565
   0.00660  -0.60311
   0.00661  -0.60008
   0.00662  -0.59660
   0.00663  -0.59267
   0.00664  -0.58834
   0.00665  -0.58363
   0.00666  -0.57856
   0.00667  -0.57317
   0.00668  -0.56749
   0.00669  -0.56155
   0.00670  -0.55539
   0.00671  -0.54905
   0.00672  -0.54255
   0.00673  -0.53593
   0.00674  -0.52924
   0.00675  -0.52250
   0.00676  -0.51576
   0.00677  -0.50905
   0.00678  -0.50240
   0.00679  -0.49587
   0.00680  -0.48947
   0.00681  -0.48326
   0.00682  -0.47725
   0.00683  -0.47150
   0.00684  -0.46602
   0.00685  -0.46086
   0.00686  -0.45603
   0.00687  -0.45158
   0.00688  -0.44753
   0.00689  -0.44391
   0.00690  -0.44073
   0.00691  -0.43803
   0.00692  -0.43582
   0.00693  -0.43413
   0.00694  -0.43297
   0.00695  -0.43235
   0.00696  -0.43229
   0.00697  -0.43279
   0.00698  -0.43387
   0.00699  -0.43554
   0.00700  -0.43779
   0.00701  -0.44062
   0.00702  -0.44404
   0.00703  -0.44804
   0.00704  -0.45262
   0.00705  -0.45776
   0.00706  -0.46346
   0.00707  -0.46971
   0.00708  -0.47648
   0.00709  -0.48377
   0.00710  -0.49155
   0.00711  -0.49981
   0.00712  -0.50851
   0.00713  -0.51764
   0.00714  -0.52717
   0.00715  -0.53707
   0.00716  -0.54732
   0.00717  -0.55787
   0.00718  -0.56870
   0.00719  -0.57978
   0.00720  -0.59107
   0.00721  -0.60254
   0.00722  -0.61415
   0.00723  -0.62586
   0.00724  -0.63764
   0.00725  -0.64945
   0.00726  -0.66125
   0.00727  -0.67301
   0.00728  -0.68469
   0.00729  -0.69626
   0.00730  -0.70766
   0.00731  -0.71888
   0.00732  -0.72988
   0.00733  -0.74062
   0.00734  -0.75106
   0.00735  -0.76118
   0.00736  -0.77095
   0.00737  -0.78033
   0.00738  -0.78930
   0.00739  -0.79783
   0.00740  -0.80590
   0.00741  -0.81348
   0.00742  -0.82056
   0.00743  -0.82711
   0.00744  -0.83312
   0.00745  -0.83857
   0.00746  -0.84345
   0.00747  -0.84775
   0.00748  -0.85147
   0.00749  -0.85459
   0.00750  -0.85711
   0.00751  -0.85903
   0.00752  -0.86035
   0.00753  -0.86108
   0.00754  -0.86122
   0.00755  -0.86078
   0.00756  -0.85978
   0.00757  -0.85821
   0.00758  -0.85610
   0.00759  -0.85346
   0.00760  -0.85032
   0.00761  -0.84669
   0.00762  -0.84260
   0.00763  -0.83807
   0.00764  -0.83313
   0.00765  -0.82780
   0.00766  -0.82212
   0.00767  -0.81611
   0.00768  -0.80981
   0.00769  -0.80325
   0.00770  -0.79646
   0.00771  -0.78949
   0.00772  -0.78236
   0.00773  -0.77511
   0.00774  -0.76778
   0.00775  -0.76041
   0.00776  -0.75302
   0.00777  -0.74567
   0.00778  -0.73839
   0.00779  -0.73120
   0.00780  -0.72416
   0.00781  -0.71729
   0.00782  -0.71064
   0.00783  -0.70422
   0.00784  -0.69809
   0.00785  -0.69226
   0.00786  -0.68678
   0.00787  -0.68166
   0.00788  -0.67694
   0.00789  -0.67265
   0.00790  -0.66880
   0.00791  -0.66543
   0.00792  -0.66254
   0.00793  -0.66017
   0.00794  -0.65833
   0.00795  -0.65703
   0.00796  -0.65628
   0.00797  -0.65610
   0.00798  -0.65649
   0.00799  -0.65746
   0.00800  -0.65902
   0.00801  -0.66116
   0.00802  -0.66388
   0.00803  -0.66718
   0.00804  -0.67105
   0.00805  -0.67549
   0.00806  -0.68049
   0.00807  -0.68602
   0.00808  -0.69209
   0.00809  -0.69866
   0.00810  -0.70573
   0.00811  -0.71327
   0.00812  -0.72125
   0.00813  -0.72966
   0.00814  -0.73846
   0.00815  -0.74764
   0.00816  -0.75715
   0.00817  -0.76698
   0.00818  -0.77708
   0.00819  -0.78742
   0.00820  -0.79798
   0.00821  -0.80870
   0.00822  -0.81957
   0.00823  -0.83054
   0.00824  -0.84158
   0.00825  -0.85264
   0.00826  -0.86370
   0.00827  -0.87471
   0.00828  -0.88563
   0.00829  -0.89644
   0.00830  -0.90709
   0.00831  -0.91756
   0.00832  -0.92779
   0.00833  -0.93776
   0.00834  -0.94744
   0.00835  -0.95680
   0.00836  -0.96580
   0.00837  -0.97441
   0.00838  -0.98261
   0.00839  -0.99037
   0.00840  -0.99766
   0.00841  -1.00447
   0.00842  -1.01076
   0.00843  -1.01653
   0.00844  -1.02176
   0.00845  -1.02642
   0.00846  -1.03052
   0.00847  -1.03403
   0.00848  -1.03695
   0.00849  -1.03928
   0.00850  -1.04101
   0.00851  -1.04213
   0.00852  -1.04266
   0.00853  -1.04259
   0.00854  -1.04193
   0.00855  -1.04069
   0.00856  -1.03887
   0.00857  -1.03650
   0.00858  -1.03358
   0.00859  -1.03013
   0.00860  -1.02618
   0.00861  -1.02174
   0.00862  -1.01683
   0.00863  -1.01148
   0.00864  -1.00572
   0.00865  -0.99957
   0.00866  -0.99307
   0.00867  -0.98623
   0.00868  -0.97911
   0.00869  -0.97172
   0.00870  -0.96411
   0.00871  -0.95630
   0.00872  -0.94834
   0.00873  -0.94026
   0.00874  -0.93209
   0.00875  -0.92388
   0.00876  -0.91566
   0.00877  -0.90747
   0.00878  -0.89934
   0.00879  -0.89131
   0.00880  -0.88342
   0.00881  -0.87571
   0.00882  -0.86820
   0.00883  -0.86094
   0.00884  -0.85395
   0.00885  -0.84728
   0.00886  -0.84094
   0.00887  -0.83496
   0.00888  -0.82939
   0.00889  -0.82423
   0.00890  -0.81953
   0.00891  -0.81529
   0.00892  -0.81154
   0.00893  -0.80831
   0.00894  -0.80560
   0.00895  -0.80343
   0.00896  -0.80181
   0.00897  -0.80076
   0.00898  -0.80028
   0.00899  -0.80038
   0.00900  -0.80106
   0.00901  -0.80232
   0.00902  -0.80416
   0.00903  -0.80658
   0.00904  -0.80958
   0.00905  -0.81313
   0.00906  -0.81725
   0.00907  -0.82190
   0.00908  -0.82708
   0.00909  -0.83276
   0.00910  -0.83894
   0.00911  -0.84559
   0.00912  -0.85268
   0.00913  -0.86020
   0.00914  -0.86811
   0.00915  -0.87639
   0.00916  -0.88501
   0.00917  -0.89393
   0.00918  -0.90313
   0.00919  -0.91258
   0.00920  -0.92223
   0.00921  -0.93206
   0.00922  -0.94202
   0.00923  -0.95208
   0.00924  -0.96221
   0.00925  -0.97237
   0.00926  -0.98252
   0.00927  -0.99262
   0.00928  -1.00263
   0.00929  -1.01253
   0.00930  -1.02227
   0.00931  -1.03182
   0.00932  -1.04114
   0.00933  -1.05019
   0.00934  -1.05895
   0.00935  -1.06739
   0.00936  -1.07547
   0.00937  -1.08316
   0.00938  -1.09044
   0.00939  -1.09727
   0.00940  -1.10364
   0.00941  -1.10952
   0.00942  -1.11489
   0.00943  -1.11973
   0.00944  -1.12403
   0.00945  -1.12777
   0.00946  -1.13093
   0.00947  -1.13351
   0.00948  -1.13550
   0.00949  -1.13690
   0.00950  -1.13769
   0.00951  -1.13788
   0.00952  -1.13747
   0.00953  -1.13646
   0.00954  -1.13486
   0.00955  -1.13268
   0.00956  -1.12993
   0.00957  -1.12661
   0.00958  -1.12275
   0.00959  -1.11837
   0.00960  -1.11347
   0.00961  -1.10808
   0.00962  -1.10223
   0.00963  -1.09593
   0.00964  -1.08922
   0.00965  -1.08213
   0.00966  -1.07467
   0.00967  -1.06689
   0.00968  -1.05882
   0.00969  -1.05048
   0.00970  -1.04191
   0.00971  -1.03316
   0.00972  -1.02424
   0.00973  -1.01520
   0.00974  -1.00608
   0.00975  -0.99692
   0.00976  -0.98774
   0.00977  -0.97859
   0.00978  -0.96951
   0.00979  -0.96052
   0.00980  -0.95167
   0.00981  -0.94300
   0.00982  -0.93453
   0.00983  -0.92631
   0.00984  -0.91836
   0.00985  -0.91072
   0.00986  -0.90342
   0.00987  -0.89648
   0.00988  -0.88994
   0.00989  -0.88383
   0.00990  -0.87815
   0.00991  -0.87295
   0.00992  -0.86824
   0.00993  -0.86403
   0.00994  -0.86036
   0.00995  -0.85722
   0.00996  -0.85463
   0.00997  -0.85261
   0.00998  -0.85116
   0.00999  -0.85029
   0.01000  -0.85000
   0.01001  -0.85029
   0.01002  -0.85116
   0.01003  -0.85261
   0.01004  -0.85463
   0.01005  -0.85722
   0.01006  -0.86036
   0.01007  -0.86403
   0.01008  -0.86824
   0.01009  -0.87295
   0.01010  -0.87815
   0.01011  -0.88383
   0.01012  -0.88994
   0.01013  -0.89648
   0.01014  -0.90342
   0.01015  -0.91072
   0.01016  -0.91836
   0.01017  -0.92631
   0.01018  -0.93453
   0.01019  -0.94300
   0.01020  -0.95167
   0.01021  -0.96052
   0.01022  -0.96951
   0.01023  -0.97859
   0.01024  -0.98774
   0.01025  -0.99692
   0.01026  -1.00608
   0.01027  -1.01520
   0.01028  -1.02424
   0.01029  -1.03316
   0.01030  -1.04191
   0.01031  -1.05048
   0.01032  -1.05882
   0.01033  -1.06689
   0.01034  -1.07467
   0.01035  -1.08213
   0.01036  -1.08922
   0.01037  -1.09593
   0.01038  -1.10223
   0.01039  -1.10808
   0.01040  -1.11347
   0.01041  -1.11837
   0.01042  -1.12275
   0.01043  -1.12661
   0.01044  -1.12993
   0.01045  -1.13268
   0.01046  -1.13486
   0.01047  -1.13646
   0.01048  -1.13747
   0.01049  -1.13788
   0.01050  -1.13769
   0.01051  -1.13690
   0.01052  -1.13550
   0.01053  -1.13351
   0.01054  -1.13093
   0.01055  -1.12777
   0.01056  -1.12403
   0.01057  -1.11973
   0.01058  -1.11489
   0.01059  -1.10952
   0.01060  -1.10364
   0.01061  -1.09727
   0.01062  -1.09044
   0.01063  -1.08316
   0.01064  -1.07547
   0.01065  -1.06739
   0.01066  -1.05895
   0.01067  -1.05019
   0.01068  -1.04114
   0.01069  -1.03182
   0.01070  -1.02227
   0.01071  -1.01253
   0.01072  -1.00263
   0.01073  -0.99262
   0.01074  -0.98252
   0.01075  -0.97237
   0.01076  -0.96221
   0.01077  -0.95208
   0.01078  -0.94202
   0.01079  -0.93206
   0.01080  -0.92223
   0.01081  -0.91258
   0.01082  -0.90313
   0.01083  -0.89393
   0.01084  -0.88501
   0.01085  -0.87639
   0.01086  -0.86811
   0.01087  -0.86020
   0.01088  -0.85268
   0.01089  -0.84559
   0.01090  -0.83894
   0.01091  -0.83276
   0.01092  -0.82708
   0.01093  -0.82190
   0.01094  -0.81725
   0.01095  -0.81313
   0.01096  -0.80958
   0.01097  -0.80658
   0.01098  -0.80416
   0.01099  -0.80232
   0.01100  -0.80106
   0.01101  -0.80038
   0.01102  -0.80028
   0.01103  -0.80076
   0.01104  -0.80181
   0.01105  -0.80343
   0.01106  -0.80560
   0.01107  -0.80831
   0.01108  -0.81154
   0.01109  -0.81529
   0.01110  -0.81953
   0.01111  -0.82423
   0.01112  -0.82939
   0.01113  -0.83496
   0.01114  -0.84094
   0.01115  -0.84728
   0.01116  -0.85395
   0.01117  -0.86094
   0.01118  -0.86820
   0.01119  -0.87571
   0.01120  -0.88342
   0.01121  -0.89131
   0.01122  -0.89934
   0.01123  -0.90747
   0.01124  -0.91566
   0.01125  -0.92388
   0.01126  -0.93209
   0.01127  -0.94026
   0.01128  -0.94834
   0.01129  -0.95630
   0.01130  -0.96411
   0.01131  -0.97172
   0.01132  -0.97911
   0.01133  -0.98623
   0.01134  -0.99307
   0.01135  -0.99957
   0.01136  -1.00572
   0.01137  -1.01148
   0.01138  -1.01683
   0.01139  -1.02174
   0.01140  -1.02618
   0.01141  -1.03013
   0.01142  -1.03358
   0.01143  -1.03650
   0.01144  -1.03887
   0.01145  -1.04069
   0.01146  -1.04193
   0.01147  -1.04259
   0.01148  -1.04266
   0.01149  -1.04213
   0.01150  -1.04101
   0.01151  -1.03928
   0.01152  -1.03695
   0.01153  -1.03403
   0.01154  -1.03052
   0.01155  -1.02642
   0.01156  -1.02176
   0.01157  -1.01653
   0.01158  -1.01076
   0.01159  -1.00447
   0.01160  -0.99766
   0.01161  -0.99037
   0.01162  -0.98261
   0.01163  -0.97441
   0.01164  -0.96580
   0.01165  -0.95680
   0.01166  -0.94744
   0.01167  -0.93776
   0.01168  -0.92779
   0.01169  -0.91756
   0.01170  -0.90709
   0.01171  -0.89644
   0.01172  -0.88563
   0.01173  -0.87471
   0.01174  -0.86370
   0.01175  -0.85264
   0.01176  -0.84158
   0.01177  -0.83054
   0.01178  -0.81957
   0.01179  -0.80870
   0.01180  -0.79798
   0.01181  -0.78742
   0.01182  -0.77708
   0.01183  -0.76698
   0.01184  -0.75715
   0.01185  -0.74764
   0.01186  -0.73846
   0.01187  -0.72966
   0.01188  -0.72125
   0.01189  -0.71327
   0.01190  -0.70573
   0.01191  -0.69866
   0.01192  -0.69209
   0.01193  -0.68602
   0.01194  -0.68049
   0.01195  -0.67549
   0.01196  -0.67105
   0.01197  -0.66718
   0.01198  -0.66388
   0.01199  -0.66116
   0.01200  -0.65902
   0.01201  -0.65746
   0.01202  -0.65649
   0.01203  -0.65610
   0.01204  -0.65628
   0.01205  -0.65703
   0.01206  -0.65833
   0.01207  -0.66017
   0.01208  -0.66254
   0.01209  -0.66543
   0.01210  -0.66880
   0.01211  -0.67265
   0.01212  -0.67694
   0.01213  -0.68166
   0.01214  -0.68678
   0.01215  -0.69226
   0.01216  -0.69809
   0.01217  -0.70422
   0.01218  -0.71064
   0.01219  -0.71729
   0.01220  -0.72416
   0.01221  -0.73120
   0.01222  -0.73839
   0.01223  -0.74567
   0.01224  -0.75302
   0.01225  -0.76041
   0.01226  -0.76778
   0.01227  -0.77511
   0.01228  -0.78236
   0.01229  -0.78949
   0.01230  -0.79646
   0.01231  -0.80325
   0.01232  -0.80981
   0.01233  -0.81611
   0.01234  -0.82212
   0.01235  -0.82780
   0.01236  -0.83313
   0.01237  -0.83807
   0.01238  -0.84260
   0.01239  -0.84669
   0.01240  -0.85032
   0.01241  -0.85346
   0.01242  -0.85610
   0.01243  -0.85821
   0.01244  -0.85978
   0.01245  -0.86078
   0.01246  -0.86122
   0.01247  -0.86108
   0.01248  -0.86035
   0.01249  -0.85903
   0.01250  -0.85711
   0.01251  -0.85459
   0.01252  -0.85147
   0.01253  -0.84775
   0.01254  -0.84345
   0.01255  -0.83857
   0.01256  -0.83312
   0.01257  -0.82711
   0.01258  -0.82056
   0.01259  -0.81348
   0.01260  -0.80590
   0.01261  -0.79783
   0.01262  -0.78930
   0.01263  -0.78033
   0.01264  -0.77095
   0.01265  -0.76118
   0.01266  -0.75106
   0.01267  -0.74062
   0.01268  -0.72988
   0.01269  -0.71888
   0.01270  -0.70766
   0.01271  -0.69626
   0.01272  -0.68469
   0.01273  -0.67301
   0.01274  -0.66125
   0.01275  -0.64945
   0.01276  -0.63764
   0.01277  -0.62586
   0.01278  -0.61415
   0.01279  -0.60254
   0.01280  -0.59107
   0.01281  -0.57978
   0.01282  -0.56870
   0.01283  -0.55787
   0.01284  -0.54732
   0.01285  -0.53707
   0.01286  -0.52717
   0.01287  -0.51764
   0.01288  -0.50851
   0.01289  -0.49981
   0.01290  -0.49155
   0.01291  -0.48377
   0.01292  -0.47648
   0.01293  -0.46971
   0.01294  -0.46346
   0.01295  -0.45776
   0.01296  -0.45262
   0.01297  -0.44804
   0.01298  -0.44404
   0.01299  -0.44062
   0.01300  -0.43779
   0.01301  -0.43554
   0.01302  -0.43387
   0.01303  -0.43279
   0.01304  -0.43229
   0.01305  -0.43235
   0.01306  -0.43297
   0.01307  -0.43413
   0.01308  -0.43582
   0.01309  -0.43803
   0.01310  -0.44073
   0.01311  -0.44391
   0.01312  -0.44753
   0.01313  -0.45158
   0.01314  -0.45603
   0.01315  -0.46086
   0.01316  -0.46602
   0.01317  -0.47150
   0.01318  -0.47725
   0.01319  -0.48326
   0.01320  -0.48947
   0.01321  -0.49587
   0.01322  -0.50240
   0.01323  -0.50905
   0.01324  -0.51576
   0.01325  -0.52250
   0.01326  -0.52924
   0.01327  -0.53593
   0.01328  -0.54255
   0.01329  -0.54905
   0.01330  -0.55539
   0.01331  -0.56155
   0.01332  -0.56749
   0.01333  -0.57317
   0.01334  -0.57856
   0.01335  -0.58363
   0.01336  -0.58834
   0.01337  -0.59267
   0.01338  -0.59660
   0.01339  -0.60008
   0.01340  -0.60311
   0.01341  -0.60565
   0.01342  -0.60768
   0.01343  -0.60920
   0.01344  -0.61017
   0.01345  -0.61059
   0.01346  -0.61044
   0.01347  -0.60971
   0.01348  -0.60840
   0.01349  -0.60649
   0.01350  -0.60399
   0.01351  -0.60089
   0.01352  -0.59720
   0.01353  -0.59292
   0.01354  -0.58805
   0.01355  -0.58260
   0.01356  -0.57658
   0.01357  -0.57001
   0.01358  -0.56290
   0.01359  -0.55527
   0.01360  -0.54713
   0.01361  -0.53851
   0.01362  -0.52943
   0.01363  -0.51991
   0.01364  -0.50999
   0.01365  -0.49968
   0.01366  -0.48902
   0.01367  -0.47804
   0.01368  -0.46677
   0.01369  -0.45525
   0.01370  -0.44350
   0.01371  -0.43157
   0.01372  -0.41948
   0.01373  -0.40728
   0.01374  -0.39500
   0.01375  -0.38268
   0.01376  -0.37036
   0.01377  -0.35807
   0.01378  -0.34585
   0.01379  -0.33374
   0.01380  -0.32177
   0.01381  -0.30998
   0.01382  -0.29841
   0.01383  -0.28708
   0.01384  -0.27604
   0.01385  -0.26531
   0.01386  -0.25492
   0.01387  -0.24491
   0.01388  -0.23530
   0.01389  -0.22612
   0.01390  -0.21739
   0.01391  -0.20913
   0.01392  -0.20137
   0.01393  -0.19413
   0.01394  -0.18742
   0.01395  -0.18126
   0.01396  -0.17566
   0.01397  -0.17062
   0.01398  -0.16617
   0.01399  -0.16230
   0.01400  -0.15902
   0.01401  -0.15632
   0.01402  -0.15422
   0.01403  -0.15270
   0.01404  -0.15175
   0.01405  -0.15138
   0.01406  -0.15157
   0.01407  -0.15231
   0.01408  -0.15357
   0.01409  -0.15536
   0.01410  -0.15764
   0.01411  -0.16040
   0.01412  -0.16361
   0.01413  -0.16725
   0.01414  -0.17129
   0.01415  -0.17571
   0.01416  -0.18047
   0.01417  -0.18554
   0.01418  -0.19090
   0.01419  -0.19651
   0.01420  -0.20234
   0.01421  -0.20834
   0.01422  -0.21449
   0.01423  -0.22075
   0.01424  -0.22708
   0.01425  -0.23345
   0.01426  -0.23981
   0.01427  -0.24613
   0.01428  -0.25238
   0.01429  -0.25851
   0.01430  -0.26450
   0.01431  -0.27029
   0.01432  -0.27587
   0.01433  -0.28120
   0.01434  -0.28624
   0.01435  -0.29096
   0.01436  -0.29532
   0.01437  -0.29931
   0.01438  -0.30289
   0.01439  -0.30604
   0.01440  -0.30873
   0.01441  -0.31094
   0.01442  -0.31265
   0.01443  -0.31384
   0.01444  -0.31449
   0.01445  -0.31459
   0.01446  -0.31412
   0.01447  -0.31308
   0.01448  -0.31145
   0.01449  -0.30924
   0.01450  -0.30643
   0.01451  -0.30303
   0.01452  -0.29904
   0.01453  -0.29446
   0.01454  -0.28930
   0.01455  -0.28356
   0.01456  -0.27726
   0.01457  -0.27040
   0.01458  -0.26301
   0.01459  -0.25510
   0.01460  -0.24669
   0.01461  -0.23779
   0.01462  -0.22844
   0.01463  -0.21866
   0.01464  -0.20847
   0.01465  -0.19790
   0.01466  -0.18699
   0.01467  -0.17575
   0.01468  -0.16423
   0.01469  -0.15245
   0.01470  -0.14046
   0.01471  -0.12828
   0.01472  -0.11596
   0.01473  -0.10352
   0.01474  -0.09101
   0.01475  -0.07846
   0.01476  -0.06591
   0.01477  -0.05339
   0.01478  -0.04095
   0.01479  -0.02862
   0.01480  -0.01644
   0.01481  -0.00444
   0.01482   0.00735
   0.01483   0.01888
   0.01484   0.03013
   0.01485   0.04106
   0.01486   0.05165
   0.01487   0.06185
   0.01488   0.07166
   0.01489   0.08103
   0.01490   0.08994
   0.01491   0.09838
   0.01492   0.10632
   0.01493   0.11373
   0.01494   0.12062
   0.01495   0.12695
   0.01496   0.13272
   0.01497   0.13792
   0.01498   0.14253
   0.01499   0.14656
   0.01500   0.15000
   0.01501   0.15285
   0.01502   0.15510
   0.01503   0.15677
   0.01504   0.15785
   0.01505   0.15837
   0.01506   0.15831
   0.01507   0.15771
   0.01508   0.15658
   0.01509   0.15492
   0.01510   0.15276
   0.01511   0.15013
   0.01512   0.14704
   0.01513   0.14351
   0.01514   0.13958
   0.01515   0.13527
   0.01516   0.13062
   0.01517   0.12564
   0.01518   0.12039
   0.01519   0.11487
   0.01520   0.10914
   0.01521   0.10323
   0.01522   0.09717
   0.01523   0.09099
   0.01524   0.08475
   0.01525   0.07846
   0.01526   0.07217
   0.01527   0.06592
   0.01528   0.05974
   0.01529   0.05368
   0.01530   0.04776
   0.01531   0.04202
   0.01532   0.03649
   0.01533   0.03122
   0.01534   0.02624
   0.01535   0.02157
   0.01536   0.01724
   0.01537   0.01330
   0.01538   0.00975
   0.01539   0.00664
   0.01540   0.00398
   0.01541   0.00180
   0.01542   0.00012
   0.01543  -0.00105
   0.01544  -0.00168
   0.01545  -0.00176
   0.01546  -0.00128
   0.01547  -0.00022
   0.01548   0.00141
   0.01549   0.00363
   0.01550   0.00643
   0.01551   0.00983
   0.01552   0.01382
   0.01553   0.01839
   0.01554   0.02355
   0.01555   0.02927
   0.01556   0.03556
   0.01557   0.04239
   0.01558   0.04976
   0.01559   0.05765
   0.01560   0.06603
   0.01561   0.07489
   0.01562   0.08420
   0.01563   0.09395
   0.01564   0.10410
   0.01565   0.11462
   0.01566   0.12549
   0.01567   0.13667
   0.01568   0.14814
   0.01569   0.15986
   0.01570   0.17179
   0.01571   0.18390
   0.01572   0.19616
   0.01573   0.20853
   0.01574   0.22097
   0.01575   0.23345
   0.01576   0.24592
   0.01577   0.25835
   0.01578   0.27071
   0.01579   0.28295
   0.01580   0.29504
   0.01581   0.30695
   0.01582   0.31864
   0.01583   0.33007
   0.01584   0.34122
   0.01585   0.35204
   0.01586   0.36252
   0.01587   0.37261
   0.01588   0.38230
   0.01589   0.39155
   0.01590   0.40034
   0.01591   0.40866
   0.01592   0.41647
   0.01593   0.42375
   0.01594   0.43050
   0.01595   0.43670
   0.01596   0.44233
   0.01597   0.44738
   0.01598   0.45185
   0.01599   0.45573
   0.01600   0.45902
   0.01601   0.46171
   0.01602   0.46380
   0.01603   0.46531
   0.01604   0.46623
   0.01605   0.46658
   0.01606   0.46635
   0.01607   0.46558
   0.01608   0.46427
   0.01609   0.46243
   0.01610   0.46009
   0.01611   0.45727
   0.01612   0.45399
   0.01613   0.45027
   0.01614   0.44615
   0.01615   0.44164
   0.01616   0.43679
   0.01617   0.43161
   0.01618   0.42614
   0.01619   0.42042
   0.01620   0.41448
   0.01621   0.40835
   0.01622   0.40207
   0.01623   0.39567
   0.01624   0.38920
   0.01625   0.38268
   0.01626   0.37617
   0.01627   0.36968
   0.01628   0.36327
   0.01629   0.35696
   0.01630   0.35080
   0.01631   0.34481
   0.01632   0.33904
   0.01633   0.33352
   0.01634   0.32828
   0.01635   0.32335
   0.01636   0.31876
   0.01637   0.31455
   0.01638   0.31074
   0.01639   0.30736
   0.01640   0.30443
   0.01641   0.30197
   0.01642   0.30001
   0.01643   0.29856
   0.01644   0.29765
   0.01645   0.29728
   0.01646   0.29747
   0.01647   0.29823
   0.01648   0.29957
   0.01649   0.30149
   0.01650   0.30399
   0.01651   0.30708
   0.01652   0.31076
   0.01653   0.31502
   0.01654   0.31986
   0.01655   0.32527
   0.01656   0.33124
   0.01657   0.33775
   0.01658   0.34479
   0.01659   0.35235
   0.01660   0.36040
   0.01661   0.36893
   0.01662   0.37790
   0.01663   0.38731
   0.01664   0.39711
   0.01665   0.40729
   0.01666   0.41781
   0.01667   0.42864
   0.01668   0.43976
   0.01669   0.45112
   0.01670   0.46269
   0.01671   0.47444
   0.01672   0.48633
   0.01673   0.49833
   0.01674   0.51040
   0.01675   0.52250
   0.01676   0.53459
   0.01677   0.54665
   0.01678   0.55862
   0.01679   0.57048
   0.01680   0.58218
   0.01681   0.59370
   0.01682   0.60499
   0.01683   0.61602
   0.01684   0.62677
   0.01685   0.63719
   0.01686   0.64726
   0.01687   0.65695
   0.01688   0.66622
   0.01689   0.67506
   0.01690   0.68344
   0.01691   0.69133
   0.01692   0.69871
   0.01693   0.70558
   0.01694   0.71190
   0.01695   0.71766
   0.01696   0.72286
   0.01697   0.72748
   0.01698   0.73151
   0.01699   0.73494
   0.01700   0.73779
   0.01701   0.74003
   0.01702   0.74167
   0.01703   0.74273
   0.01704   0.74319
   0.01705   0.74308
   0.01706   0.74240
   0.01707   0.74116
   0.01708   0.73938
   0.01709   0.73707
   0.01710   0.73426
   0.01711   0.73096
   0.01712   0.72720
   0.01713   0.72301
   0.01714   0.71840
   0.01715   0.71341
   0.01716   0.70807
   0.01717   0.70240
   0.01718   0.69644
   0.01719   0.69022
   0.01720   0.68378
   0.01721   0.67714
   0.01722   0.67036
   0.01723   0.66346
   0.01724   0.65647
   0.01725   0.64945
   0.01726   0.64242
   0.01727   0.63541
   0.01728   0.62848
   0.01729   0.62165
   0.01730   0.61496
   0.01731   0.60845
   0.01732   0.60214
   0.01733   0.59609
   0.01734   0.59031
   0.01735   0.58484
   0.01736   0.57972
   0.01737   0.57496
   0.01738   0.57061
   0.01739   0.56668
   0.01740   0.56319
   0.01741   0.56018
   0.01742   0.55767
   0.01743   0.55566
   0.01744   0.55419
   0.01745   0.55325
   0.01746   0.55288
   0.01747   0.55307
   0.01748   0.55383
   0.01749   0.55518
   0.01750   0.55711
   0.01751   0.55962
   0.01752   0.56272
   0.01753   0.56640
   0.01754   0.57065
   0.01755   0.57547
   0.01756   0.58084
   0.01757   0.58676
   0.01758   0.59321
   0.01759   0.60017
   0.01760   0.60762
   0.01761   0.61554
   0.01762   0.62391
   0.01763   0.63271
   0.01764   0.64190
   0.01765   0.65146
   0.01766   0.66137
   0.01767   0.67158
   0.01768   0.68207
   0.01769   0.69281
   0.01770   0.70376
   0.01771   0.71488
   0.01772   0.72614
   0.01773   0.73751
   0.01774   0.74894
   0.01775   0.76041
   0.01776   0.77186
   0.01777   0.78327
   0.01778   0.79460
   0.01779   0.80581
   0.01780   0.81687
   0.01781   0.82773
   0.01782   0.83837
   0.01783   0.84875
   0.01784   0.85884
   0.01785   0.86860
   0.01786   0.87800
   0.01787   0.88703
   0.01788   0.89563
   0.01789   0.90380
   0.01790   0.91151
   0.01791   0.91873
   0.01792   0.92544
   0.01793   0.93162
   0.01794   0.93726
   0.01795   0.94234
   0.01796   0.94685
   0.01797   0.95078
   0.01798   0.95413
   0.01799   0.95687
   0.01800   0.95902
   0.01801   0.96056
   0.01802   0.96151
   0.01803   0.96186
   0.01804   0.96163
   0.01805   0.96081
   0.01806   0.95942
   0.01807   0.95747
   0.01808   0.95498
   0.01809   0.95196
   0.01810   0.94843
   0.01811   0.94442
   0.01812   0.93994
   0.01813   0.93502
   0.01814   0.92969
   0.01815   0.92398
   0.01816   0.91790
   0.01817   0.91150
   0.01818   0.90481
   0.01819   0.89786
   0.01820   0.89068
   0.01821   0.88331
   0.01822   0.87579
   0.01823   0.86814
   0.01824   0.86041
   0.01825   0.85264
   0.01826   0.84486
   0.01827   0.83711
   0.01828   0.82942
   0.01829   0.82184
   0.01830   0.81439
   0.01831   0.80712
   0.01832   0.80006
   0.01833   0.79324
   0.01834   0.78670
   0.01835   0.78046
   0.01836   0.77457
   0.01837   0.76905
   0.01838   0.76392
   0.01839   0.75921
   0.01840   0.75495
   0.01841   0.75117
   0.01842   0.74787
   0.01843   0.74508
   0.01844   0.74282
   0.01845   0.74111
   0.01846   0.73994
   0.01847   0.73935
   0.01848   0.73932
   0.01849   0.73987
   0.01850   0.74101
   0.01851   0.74272
   0.01852   0.74502
   0.01853   0.74790
   0.01854   0.75135
   0.01855   0.75537
   0.01856   0.75994
   0.01857   0.76505
   0.01858   0.77069
   0.01859   0.77684
   0.01860   0.78347
   0.01861   0.79058
   0.01862   0.79814
   0.01863   0.80612
   0.01864   0.81449
   0.01865   0.82324
   0.01866   0.83232
   0.01867   0.84171
   0.01868   0.85137
   0.01869   0.86128
   0.01870   0.87140
   0.01871   0.88169
   0.01872   0.89212
   0.01873   0.90266
   0.01874   0.91325
   0.01875   0.92388
   0.01876   0.93450
   0.01877   0.94507
   0.01878   0.95555
   0.01879   0.96592
   0.01880   0.97613
   0.01881   0.98615
   0.01882   0.99594
   0.01883   1.00547
   0.01884   1.01470
   0.01885   1.02361
   0.01886   1.03216
   0.01887   1.04033
   0.01888   1.04808
   0.01889   1.05539
   0.01890   1.06223
   0.01891   1.06859
   0.01892   1.07444
   0.01893   1.07976
   0.01894   1.08453
   0.01895   1.08874
   0.01896   1.09239
   0.01897   1.09544
   0.01898   1.09791
   0.01899   1.09979
   0.01900   1.10106
   0.01901   1.10173
   0.01902   1.10180
   0.01903   1.10127
   0.01904   1.10015
   0.01905   1.09845
   0.01906   1.09618
   0.01907   1.09335
   0.01908   1.08997
   0.01909   1.08606
   0.01910   1.08165
   0.01911   1.07674
   0.01912   1.07137
   0.01913   1.06556
   0.01914   1.05934
   0.01915   1.05273
   0.01916   1.04576
   0.01917   1.03846
   0.01918   1.03087
   0.01919   1.02302
   0.01920   1.01494
   0.01921   1.00666
   0.01922   0.99823
   0.01923   0.98968
   0.01924   0.98105
   0.01925   0.97237
   0.01926   0.96368
   0.01927   0.95502
   0.01928   0.94642
   0.01929   0.93792
   0.01930   0.92956
   0.01931   0.92138
   0.01932   0.91340
   0.01933   0.90567
   0.01934   0.89821
   0.01935   0.89106
   0.01936   0.88424
   0.01937   0.87780
   0.01938   0.87175
   0.01939   0.86612
   0.01940   0.86093
   0.01941   0.85622
   0.01942   0.85200
   0.01943   0.84829
   0.01944   0.84510
   0.01945   0.84245
   0.01946   0.84036
   0.01947   0.83883
   0.01948   0.83787
   0.01949   0.83749
   0.01950   0.83769
   0.01951   0.83847
   0.01952   0.83983
   0.01953   0.84178
   0.01954   0.84429
   0.01955   0.84737
   0.01956   0.85099
   0.01957   0.85517
   0.01958   0.85986
   0.01959   0.86507
   0.01960   0.87076
   0.01961   0.87693
   0.01962   0.88354
   0.01963   0.89057
   0.01964   0.89800
   0.01965   0.90579
   0.01966   0.91393
   0.01967   0.92237
   0.01968   0.93108
   0.01969   0.94004
   0.01970   0.94921
   0.01971   0.95855
   0.01972   0.96803
   0.01973   0.97760
   0.01974   0.98725
   0.01975   0.99692
   0.01976   1.00658
   0.01977   1.01619
   0.01978   1.02572
   0.01979   1.03513
   0.01980   1.04438
   0.01981   1.05344
   0.01982   1.06227
   0.01983   1.07084
   0.01984   1.07911
   0.01985   1.08706
   0.01986   1.09465
   0.01987   1.10185
   0.01988   1.10863
   0.01989   1.11498
   0.01990   1.12086
   0.01991   1.12625
   0.01992   1.13113
   0.01993   1.13548
   0.01994   1.13929
   0.01995   1.14254
   0.01996   1.14521
   0.01997   1.14730
   0.01998   1.14880
   0.01999   1.14970
   0.02000   1.15000
   0.02001   1.14970
   0.02002   1.14880
   0.02003   1.14730
   0.02004   1.14521
   0.02005   1.14254
   0.02006   1.13929
   0.02007   1.13548
   0.02008   1.13113
   0.02009   1.12625
   0.02010   1.12086
   0.02011   1.11498
   0.02012   1.10863
   0.02013   1.10185
   0.02014   1.09465
   0.02015   1.08706
   0.02016   1.07911
   0.02017   1.07084
   0.02018   1.06227
   0.02019   1.05344
   0.02020   1.04438
   0.02021   1.03513
   0.02022   1.02572
   0.02023   1.01619
   0.02024   1.00658
   0.02025   0.99692
   0.02026   0.98725
   0.02027   0.97760
   0.02028   0.96803
   0.02029   0.95855
   0.02030   0.94921
   0.02031   0.94004
   0.02032   0.93108
   0.02033   0.92237
   0.02034   0.91393
   0.02035   0.90579
   0.02036   0.89800
   0.02037   0.89057
   0.02038   0.88354
   0.02039   0.87693
   0.02040   0.87076
   0.02041   0.86507
   0.02042   0.85986
   0.02043   0.85517
   0.02044   0.85099
   0.02045   0.84737
   0.02046   0.84429
   0.02047   0.84178
   0.02048   0.83983
   0.02049   0.83847
   0.02050   0.83769
   0.02051   0.83749
   0.02052   0.83787
   0.02053   0.83883
   0.02054   0.84036
   0.02055   0.84245
   0.02056   0.84510
   0.02057   0.84829
   0.02058   0.85200
   0.02059   0.85622
   0.02060   0.86093
   0.02061   0.86612
   0.02062   0.87175
   0.02063   0.87780
   0.02064   0.88424
   0.02065   0.89106
   0.02066   0.89821
   0.02067   0.90567
   0.02068   0.91340
   0.02069   0.92138
   0.02070   0.92956
   0.02071   0.93792
   0.02072   0.94642
   0.02073   0.95502
   0.02074   0.96368
   0.02075   0.97237
   0.02076   0.98105
   0.02077   0.98968
   0.02078   0.99823
   0.02079   1.00666
   0.02080   1.01494
   0.02081   1.02302
   0.02082   1.03087
   0.02083   1.03846
   0.02084   1.04576
   0.02085   1.05273
   0.02086   1.05934
   0.02087   1.06556
   0.02088   1.07137
   0.02089   1.07674
   0.02090   1.08165
   0.02091   1.08606
   0.02092   1.08997
   0.02093   1.09335
   0.02094   1.09618
   0.02095   1.09845
   0.02096   1.10015
   0.02097   1.10127
   0.02098   1.10180
   0.02099   1.10173
   0.02100   1.10106
   0.02101   1.09979
   0.02102   1.09791
   0.02103   1.09544
   0.02104   1.09239
   0.02105   1.08874
   0.02106   1.08453
   0.02107   1.07976
   0.02108   1.07444
   0.02109   1.06859
   0.02110   1.06223
   0.02111   1.05539
   0.02112   1.04808
   0.02113   1.04033
   0.02114   1.03216
   0.02115   1.02361
   0.02116   1.01470
   0.02117   1.00547
   0.02118   0.99594
   0.02119   0.98615
   0.02120   0.97613
   0.02121   0.96592
   0.02122   0.95555
   0.02123   0.94507
   0.02124   0.93450
   0.02125   0.92388
   0.02126   0.91325
   0.02127   0.90266
   0.02128   0.89212
   0.02129   0.88169
   0.02130   0.87140
   0.02131   0.86128
   0.02132   0.85137
   0.02133   0.84171
   0.02134   0.83232
   0.02135   0.82324
   0.02136   0.81449
   0.02137   0.80612
   0.02138   0.79814
   0.02139   0.79058
   0.02140   0.78347
   0.02141   0.77684
   0.02142   0.77069
   0.02143   0.76505
   0.02144   0.75994
   0.02145   0.75537
   0.02146   0.75135
   0.02147   0.74790
   0.02148   0.74502
   0.02149   0.74272
   0.02150   0.74101
   0.02151   0.73987
   0.02152   0.73932
   0.02153   0.73935
   0.02154   0.73994
   0.02155   0.74111
   0.02156   0.74282
   0.02157   0.74508
   0.02158   0.74787
   0.02159   0.75117
   0.02160   0.75495
   0.02161   0.75921
   0.02162   0.76392
   0.02163   0.76905
   0.02164   0.77457
   0.02165   0.78046
   0.02166   0.78670
   0.02167   0.79324
   0.02168   0.80006
   0.02169   0.80712
   0.02170   0.81439
   0.02171   0.82184
   0.02172   0.82942
   0.02173   0.83711
   0.02174   0.84486
   0.02175   0.85264
   0.02176   0.86041
   0.02177   0.86814
   0.02178   0.87579
   0.02179   0.88331
   0.02180   0.89068
   0.02181   0.89786
   0.02182   0.90481
   0.02183   0.91150
   0.02184   0.91790
   0.02185   0.92398
   0.02186   0.92969
   0.02187   0.93502
   0.02188   0.93994
   0.02189   0.94442
   0.02190   0.94843
   0.02191   0.95196
   0.02192   0.95498
   0.02193   0.95747
   0.02194   0.95942
   0.02195   0.96081
   0.02196   0.96163
   0.02197   0.96186
   0.02198   0.96151
   0.02199   0.96056
   0.02200   0.95902
   0.02201   0.95687
   0.02202   0.95413
   0.02203   0.95078
   0.02204   0.94685
   0.02205   0.94234
   0.02206   0.93726
   0.02207   0.93162
   0.02208   0.92544
   0.02209   0.91873
   0.02210   0.91151
   0.02211   0.90380
   0.02212   0.89563
   0.02213   0.88703
   0.02214   0.87800
   0.02215   0.86860
   0.02216   0.85884
   0.02217   0.84875
   0.02218   0.83837
   0.02219   0.82773
   0.02220   0.81687
   0.02221   0.80581
   0.02222   0.79460
   0.02223   0.78327
   0.02224   0.77186
   0.02225   0.76041
   0.02226   0.74894
   0.02227   0.73751
   0.02228   0.72614
   0.02229   0.71488
   0.02230   0.70376
   0.02231   0.69281
   0.02232   0.68207
   0.02233   0.67158
   0.02234   0.66137
   0.02235   0.65146
   0.02236   0.64190
   0.02237   0.63271
   0.02238   0.62391
   0.02239   0.61554
   0.02240   0.60762
   0.02241   0.60017
   0.02242   0.59321
   0.02243   0.58676
   0.02244   0.58084
   0.02245   0.57547
   0.02246   0.57065
   0.02247   0.56640
   0.02248   0.56272
   0.02249   0.55962
   0.02250   0.55711
   0.02251   0.55518
   0.02252   0.55383
   0.02253   0.55307
   0.02254   0.55288
   0.02255   0.55325
   0.02256   0.55419
   0.02257   0.55566
   0.02258   0.55767
   0.02259   0.56018
   0.02260   0.56319
   0.02261   0.56668
   0.02262   0.57061
   0.02263   0.57496
   0.02264   0.57972
   0.02265   0.58484
   0.02266   0.59031
   0.02267   0.59609
   0.02268   0.60214
   0.02269   0.60845
   0.02270   0.61496
   0.02271   0.62165
   0.02272   0.62848
   0.02273   0.63541
   0.02274   0.64242
   0.02275   0.64945
   0.02276   0.65647
   0.02277   0.66346
   0.02278   0.67036
   0.02279   0.67714
   0.02280   0.68378
   0.02281   0.69022
   0.02282   0.69644
   0.02283   0.70240
   0.02284   0.70807
   0.02285   0.71341
   0.02286   0.71840
   0.02287   0.72301
   0.02288   0.72720
   0.02289   0.73096
   0.02290   0.73426
   0.02291   0.73707
   0.02292   0.73938
   0.02293   0.74116
   0.02294   0.74240
   0.02295   0.74308
   0.02296   0.74319
   0.02297   0.74273
   0.02298   0.74167
   0.02299   0.74003
   0.02300   0.73779
   0.02301   0.73494
   0.02302   0.73151
   0.02303   0.72748
   0.02304   0.72286
   0.02305   0.71766
   0.02306   0.71190
   0.02307   0.70558
   0.02308   0.69871
   0.02309   0.69133
   0.02310   0.68344
   0.02311   0.67506
   0.02312   0.66622
   0.02313   0.65695
   0.02314   0.64726
   0.02315   0.63719
   0.02316   0.62677
   0.02317   0.61602
   0.02318   0.60499
   0.02319   0.59370
   0.02320   0.58218
   0.02321   0.57048
   0.02322   0.55862
   0.02323   0.54665
   0.02324   0.53459
   0.02325   0.52250
   0.02326   0.51040
   0.02327   0.49833
   0.02328   0.48633
   0.02329   0.47444
   0.02330   0.46269
   0.02331   0.45112
   0.02332   0.43976
   0.02333   0.42864
   0.02334   0.41781
   0.02335   0.40729
   0.02336   0.39711
   0.02337   0.38731
   0.02338   0.37790
   0.02339   0.36893
   0.02340   0.36040
   0.02341   0.35235
   0.02342   0.34479
   0.02343   0.33775
   0.02344   0.33124
   0.02345   0.32527
   0.02346   0.31986
   0.02347   0.31502
   0.02348   0.31076
   0.02349   0.30708
   0.02350   0.30399
   0.02351   0.30149
   0.02352   0.29957
   0.02353   0.29823
   0.02354   0.29747
   0.02355   0.29728
   0.02356   0.29765
   0.02357   0.29856
   0.02358   0.30001
   0.02359   0.30197
   0.02360   0.30443
   0.02361   0.30736
   0.02362   0.31074
   0.02363   0.31455
   0.02364   0.31876
   0.02365   0.32335
   0.02366   0.32828
   0.02367   0.33352
   0.02368   0.33904
   0.02369   0.34481
   0.02370   0.35080
   0.02371   0.35696
   0.02372   0.36327
   0.02373   0.36968
   0.02374   0.37617
   0.02375   0.38268
   0.02376   0.38920
   0.02377   0.39567
   0.02378   0.40207
   0.02379   0.40835
   0.02380   0.41448
   0.02381   0.42042
   0.02382   0.42614
   0.02383   0.43161
   0.02384   0.43679
   0.02385   0.44164
   0.02386   0.44615
   0.02387   0.45027
   0.02388   0.45399
   0.02389   0.45727
   0.02390   0.46009
   0.02391   0.46243
   0.02392   0.46427
   0.02393   0.46558
   0.02394   0.46635
   0.02395   0.46658
   0.02396   0.46623
   0.02397   0.46531
   0.02398   0.46380
   0.02399   0.46171
   0.02400   0.45902
   0.02401   0.45573
   0.02402   0.45185
   0.02403   0.44738
   0.02404   0.44233
   0.02405   0.43670
   0.02406   0.43050
   0.02407   0.42375
   0.02408   0.41647
   0.02409   0.40866
   0.02410   0.40034
   0.02411   0.39155
   0.02412   0.38230
   0.02413   0.37261
   0.02414   0.36252
   0.02415   0.35204
   0.02416   0.34122
   0.02417   0.33007
   0.02418   0.31864
   0.02419   0.30695
   0.02420   0.29504
   0.02421   0.28295
   0.02422   0.27071
   0.02423   0.25835
   0.02424   0.24592
   0.02425   0.23345
   0.02426   0.22097
   0.02427   0.20853
   0.02428   0.19616
   0.02429   0.18390
   0.02430   0.17179
   0.02431   0.15986
   0.02432   0.14814
   0.02433   0.13667
   0.02434   0.12549
   0.02435   0.11462
   0.02436   0.10410
   0.02437   0.09395
   0.02438   0.08420
   0.02439   0.07489
   0.02440   0.06603
   0.02441   0.05765
   0.02442   0.04976
   0.02443   0.04239
   0.02444   0.03556
   0.02445   0.02927
   0.02446   0.02355
   0.02447   0.01839
   0.02448   0.01382
   0.02449   0.00983
   0.02450   0.00643
   0.02451   0.00363
   0.02452   0.00141
   0.02453  -0.00022
   0.02454  -0.00128
   0.02455  -0.00176
   0.02456  -0.00168
   0.02457  -0.00105
   0.02458   0.00012
   0.02459   0.00180
   0.02460   0.00398
   0.02461   0.00664
   0.02462   0.00975
   0.02463   0.01330
   0.02464   0.01724
   0.02465   0.02157
   0.02466   0.02624
   0.02467   0.03122
   0.02468   0.03649
   0.02469   0.04202
   0.02470   0.04776
   0.02471   0.05368
   0.02472   0.05974
   0.02473   0.06592
   0.02474   0.07217
   0.02475   0.07846
   0.02476   0.08475
   0.02477   0.09099
   0.02478   0.09717
   0.02479   0.10323
   0.02480   0.10914
   0.02481   0.11487
   0.02482   0.12039
   0.02483   0.12564
   0.02484   0.13062
   0.02485   0.13527
   0.02486   0.13958
   0.02487   0.14351
   0.02488   0.14704
   0.02489   0.15013
   0.02490   0.15276
   0.02491   0.15492
   0.02492   0.15658
   0.02493   0.15771
   0.02494   0.15831
   0.02495   0.15837
   0.02496   0.15785
   0.02497   0.15677
   0.02498   0.15510
   0.02499   0.15285
   0.02500   0.15000
   0.02501   0.14656
   0.02502   0.14253
   0.02503   0.13792
   0.02504   0.13272
   0.02505   0.12695
   0.02506   0.12062
   0.02507   0.11373
   0.02508   0.10632
   0.02509   0.09838
   0.02510   0.08994
   0.02511   0.08103
   0.02512   0.07166
   0.02513   0.06185
   0.02514   0.05165
   0.02515   0.04106
   0.02516   0.03013
   0.02517   0.01888
   0.02518   0.00735
   0.02519  -0.00444
   0.02520  -0.01644
   0.02521  -0.02862
   0.02522  -0.04095
   0.02523  -0.05339
   0.02524  -0.06591
   0.02525  -0.07846
   0.02526  -0.09101
   0.02527  -0.10352
   0.02528  -0.11596
   0.02529  -0.12828
   0.02530  -0.14046
   0.02531  -0.15245
   0.02532  -0.16423
   0.02533  -0.17575
   0.02534  -0.18699
   0.02535  -0.19790
   0.02536  -0.20847
   0.02537  -0.21866
   0.02538  -0.22844
   0.02539  -0.23779
   0.02540  -0.24669
   0.02541  -0.25510
   0.02542  -0.26301
   0.02543  -0.27040
   0.02544  -0.27726
   0.02545  -0.28356
   0.02546  -0.28930
   0.02547  -0.29446
   0.02548  -0.29904
   0.02549  -0.30303
   0.02550  -0.30643
   0.02551  -0.30924
   0.02552  -0.31145
   0.02553  -0.31308
   0.02554  -0.31412
   0.02555  -0.31459
   0.02556  -0.31449
   0.02557  -0.31384
   0.02558  -0.31265
   0.02559  -0.31094
   0.02560  -0.30873
   0.02561  -0.30604
   0.02562  -0.30289
   0.02563  -0.29931
   0.02564  -0.29532
   0.02565  -0.29096
   0.02566  -0.28624
   0.02567  -0.28120
   0.02568  -0.27587
   0.02569  -0.27029
   0.02570  -0.26450
   0.02571  -0.25851
   0.02572  -0.25238
   0.02573  -0.24613
   0.02574  -0.23981
   0.02575  -0.23345
   0.02576  -0.22708
   0.02577  -0.22075
   0.02578  -0.21449
   0.02579  -0.20834
   0.02580  -0.20234
   0.02581  -0.19651
   0.02582  -0.19090
   0.02583  -0.18554
   0.02584  -0.18047
   0.02585  -0.17571
   0.02586  -0.17129
   0.02587  -0.16725
   0.02588  -0.16361
   0.02589  -0.16040
   0.02590  -0.15764
   0.02591  -0.15536
   0.02592  -0.15357
   0.02593  -0.15231
   0.02594  -0.15157
   0.02595  -0.15138
   0.02596  -0.15175
   0.02597  -0.15270
   0.02598  -0.15422
   0.02599  -0.15632
   0.02600  -0.15902
   0.02601  -0.16230
   0.02602  -0.16617
   0.02603  -0.17062
   0.02604  -0.17566
   0.02605  -0.18126
   0.02606  -0.18742
   0.02607  -0.19413
   0.02608  -0.20137
   0.02609  -0.20913
   0.02610  -0.21739
   0.02611  -0.22612
   0.02612  -0.23530
   0.02613  -0.24491
   0.02614  -0.25492
   0.02615  -0.26531
   0.02616  -0.27604
   0.02617  -0.28708
   0.02618  -0.29841
   0.02619  -0.30998
   0.02620  -0.32177
   0.02621  -0.33374
   0.02622  -0.34585
   0.02623  -0.35807
   0.02624  -0.37036
   0.02625  -0.38268
   0.02626  -0.39500
   0.02627  -0.40728
   0.02628  -0.41948
   0.02629  -0.43157
   0.02630  -0.44350
   0.02631  -0.45525
   0.02632  -0.46677
   0.02633  -0.47804
   0.02634  -0.48902
   0.02635  -0.49968
   0.02636  -0.50999
   0.02637  -0.51991
   0.02638  -0.52943
   0.02639  -0.53851
   0.02640  -0.54713
   0.02641  -0.55527
   0.02642  -0.56290
   0.02643  -0.57001
   0.02644  -0.57658
   0.02645  -0.58260
   0.02646  -0.58805
   0.02647  -0.59292
   0.02648  -0.59720
   0.02649  -0.60089
   0.02650  -0.60399
   0.02651  -0.60649
   0.02652  -0.60840
   0.02653  -0.60971
   0.02654  -0.61044
   0.02655  -0.61059
   0.02656  -0.61017
   0.02657  -0.60920
   0.02658  -0.60768
   0.02659  -0.60565
   0.02660  -0.60311
   0.02661  -0.60008
   0.02662  -0.59660
   0.02663  -0.59267
   0.02664  -0.58834
   0.02665  -0.58363
   0.02666  -0.57856
   0.02667  -0.57317
   0.02668  -0.56749
   0.02669  -0.56155
   0.02670  -0.55539
   0.02671  -0.54905
   0.02672  -0.54255
   0.02673  -0.53593
   0.02674  -0.52924
   0.02675  -0.52250
   0.02676  -0.51576
   0.02677  -0.50905
   0.02678  -0.50240
   0.02679  -0.49587
   0.02680  -0.48947
   0.02681  -0.48326
   0.02682  -0.47725
   0.02683  -0.47150
   0.02684  -0.46602
   0.02685  -0.46086
   0.02686  -0.45603
   0.02687  -0.45158
   0.02688  -0.44753
   0.02689  -0.44391
   0.02690  -0.44073
   0.02691  -0.43803
   0.02692  -0.43582
   0.02693  -0.43413
   0.02694  -0.43297
   0.02695  -0.43235
   0.02696  -0.43229
   0.02697  -0.43279
   0.02698  -0.43387
   0.02699  -0.43554
   0.02700  -0.43779
   0.02701  -0.44062
   0.02702  -0.44404
   0.02703  -0.44804
   0.02704  -0.45262
   0.02705  -0.45776
   0.02706  -0.46346
   0.02707  -0.46971
   0.02708  -0.47648
   0.02709  -0.48377
   0.02710  -0.49155
   0.02711  -0.49981
   0.02712  -0.50851
   0.02713  -0.51764
   0.02714  -0.52717
   0.02715  -0.53707
   0.02716  -0.54732
   0.02717  -0.55787
   0.02718  -0.56870
   0.02719  -0.57978
   0.02720  -0.59107
   0.02721  -0.60254
   0.02722  -0.61415
   0.02723  -0.62586
   0.02724  -0.63764
   0.02725  -0.64945
   0.02726  -0.66125
   0.02727  -0.67301
   0.02728  -0.68469
   0.02729  -0.69626
   0.02730  -0.70766
   0.02731  -0.71888
   0.02732  -0.72988
   0.02733  -0.74062
   0.02734  -0.75106
   0.02735  -0.76118
   0.02736  -0.77095
   0.02737  -0.78033
   0.02738  -0.78930
   0.02739  -0.79783
   0.02740  -0.80590
   0.02741  -0.81348
   0.02742  -0.82056
   0.02743  -0.82711
   0.02744  -0.83312
   0.02745  -0.83857
   0.02746  -0.84345
   0.02747  -0.84775
   0.02748  -0.85147
   0.02749  -0.85459
   0.02750  -0.85711
   0.02751  -0.85903
   0.02752  -0.86035
   0.02753  -0.86108
   0.02754  -0.86122
   0.02755  -0.86078
   0.02756  -0.85978
   0.02757  -0.85821
   0.02758  -0.85610
   0.02759  -0.85346
   0.02760  -0.85032
   0.02761  -0.84669
   0.02762  -0.84260
   0.02763  -0.83807
   0.02764  -0.83313
   0.02765  -0.82780
   0.02766  -0.82212
   0.02767  -0.81611
   0.02768  -0.80981
   0.02769  -0.80325
   0.02770  -0.79646
   0.02771  -0.78949
   0.02772  -0.78236
   0.02773  -0.77511
   0.02774  -0.76778
   0.02775  -0.76041
   0.02776  -0.75302
   0.02777  -0.74567
   0.02778  -0.73839
   0.02779  -0.73120
   0.02780  -0.72416
   0.02781  -0.71729
   0.02782  -0.71064
   0.02783  -0.70422
   0.02784  -0.69809
   0.02785  -0.69226
   0.02786  -0.68678
   0.02787  -0.68166
   0.02788  -0.67694
   0.02789  -0.67265
   0.02790  -0.66880
   0.02791  -0.66543
   0.02792  -0.66254
   0.02793  -0.66017
   0.02794  -0.65833
   0.02795  -0.65703
   0.02796  -0.65628
   0.02797  -0.65610
   0.02798  -0.65649
   0.02799  -0.65746
   0.02800  -0.65902
   0.02801  -0.66116
   0.02802  -0.66388
   0.02803  -0.66718
   0.02804  -0.67105
   0.02805  -0.67549
   0.02806  -0.68049
   0.02807  -0.68602
   0.02808  -0.69209
   0.02809  -0.69866
   0.02810  -0.70573
   0.02811  -0.71327
   0.02812  -0.72125
   0.02813  -0.72966
   0.02814  -0.73846
   0.02815  -0.74764
   0.02816  -0.75715
   0.02817  -0.76698
   0.02818  -0.77708
   0.02819  -0.78742
   0.02820  -0.79798
   0.02821  -0.80870
   0.02822  -0.81957
   0.02823  -0.83054
   0.02824  -0.84158
   0.02825  -0.85264
   0.02826  -0.86370
   0.02827  -0.87471
   0.02828  -0.88563
   0.02829  -0.89644
   0.02830  -0.90709
   0.02831  -0.91756
   0.02832  -0.92779
   0.02833  -0.93776
   0.02834  -0.94744
   0.02835  -0.95680
   0.02836  -0.96580
   0.02837  -0.97441
   0.02838  -0.98261
   0.02839  -0.99037
   0.02840  -0.99766
   0.02841  -1.00447
   0.02842  -1.01076
   0.02843  -1.01653
   0.02844  -1.02176
   0.02845  -1.02642
   0.02846  -1.03052
   0.02847  -1.03403
   0.02848  -1.03695
   0.02849  -1.03928
   0.02850  -1.04101
   0.02851  -1.04213
   0.02852  -1.04266
   0.02853  -1.04259
   0.02854  -1.04193
   0.02855  -1.04069
   0.02856  -1.03887
   0.02857  -1.03650
   0.02858  -1.03358
   0.02859  -1.03013
   0.02860  -1.02618
   0.02861  -1.02174
   0.02862  -1.01683
   0.02863  -1.01148
   0.02864  -1.00572
   0.02865  -0.99957
   0.02866  -0.99307
   0.02867  -0.98623
   0.02868  -0.97911
   0.02869  -0.97172
   0.02870  -0.96411
   0.02871  -0.95630
   0.02872  -0.94834
   0.02873  -0.94026
   0.02874  -0.93209
   0.02875  -0.92388
   0.02876  -0.91566
   0.02877  -0.90747
   0.02878  -0.89934
   0.02879  -0.89131
   0.02880  -0.88342
   0.02881  -0.87571
   0.02882  -0.86820
   0.02883  -0.86094
   0.02884  -0.85395
   0.02885  -0.84728
   0.02886  -0.84094
   0.02887  -0.83496
   0.02888  -0.82939
   0.02889  -0.82423
   0.02890  -0.81953
   0.02891  -0.81529
   0.02892  -0.81154
   0.02893  -0.80831
   0.02894  -0.80560
   0.02895  -0.80343
   0.02896  -0.80181
   0.02897  -0.80076
   0.02898  -0.80028
   0.02899  -0.80038
   0.02900  -0.80106
   0.02901  -0.80232
   0.02902  -0.80416
   0.02903  -0.80658
   0.02904  -0.80958
   0.02905  -0.81313
   0.02906  -0.81725
   0.02907  -0.82190
   0.02908  -0.82708
   0.02909  -0.83276
   0.02910  -0.83894
   0.02911  -0.84559
   0.02912  -0.85268
   0.02913  -0.86020
   0.02914  -0.86811
   0.02915  -0.87639
   0.02916  -0.88501
   0.02917  -0.89393
   0.02918  -0.90313
   0.02919  -0.91258
   0.02920  -0.92223
   0.02921  -0.93206
   0.02922  -0.94202
   0.02923  -0.95208
   0.02924  -0.96221
   0.02925  -0.97237
   0.02926  -0.98252
   0.02927  -0.99262
   0.02928  -1.00263
   0.02929  -1.01253
   0.02930  -1.02227
   0.02931  -1.03182
   0.02932  -1.04114
   0.02933  -1.05019
   0.02934  -1.05895
   0.02935  -1.06739
   0.02936  -1.07547
   0.02937  -1.08316
   0.02938  -1.09044
   0.02939  -1.09727
   0.02940  -1.10364
   0.02941  -1.10952
   0.02942  -1.11489
   0.02943  -1.11973
   0.02944  -1.12403
   0.02945  -1.12777
   0.02946  -1.13093
   0.02947  -1.13351
   0.02948  -1.13550
   0.02949  -1.13690
   0.02950  -1.13769
   0.02951  -1.13788
   0.02952  -1.13747
   0.02953  -1.13646
   0.02954  -1.13486
   0.02955  -1.13268
   0.02956  -1.12993
   0.02957  -1.12661
   0.02958  -1.12275
   0.02959  -1.11837
   0.02960  -1.11347
   0.02961  -1.10808
   0.02962  -1.10223
   0.02963  -1.09593
   0.02964  -1.08922
   0.02965  -1.08213
   0.02966  -1.07467
   0.02967  -1.06689
   0.02968  -1.05882
   0.02969  -1.05048
   0.02970  -1.04191
   0.02971  -1.03316
   0.02972  -1.02424
   0.02973  -1.01520
   0.02974  -1.00608
   0.02975  -0.99692
   0.02976  -0.98774
   0.02977  -0.97859
   0.02978  -0.96951
   0.02979  -0.96052
   0.02980  -0.95167
   0.02981  -0.94300
   0.02982  -0.93453
   0.02983  -0.92631
   0.02984  -0.91836
   0.02985  -0.91072
   0.02986  -0.90342
   0.02987  -0.89648
   0.02988  -0.88994
   0.02989  -0.88383
   0.02990  -0.87815
   0.02991  -0.87295
   0.02992  -0.86824
   0.02993  -0.86403
   0.02994  -0.86036
   0.02995  -0.85722
   0.02996  -0.85463
   0.02997  -0.85261
   0.02998  -0.85116
   0.02999  -0.85029
   0.03000  -0.85000
   0.03001  -0.85029
   0.03002  -0.85116
   0.03003  -0.85261
   0.03004  -0.85463
   0.03005  -0.85722
   0.03006  -0.86036
   0.03007  -0.86403
   0.03008  -0.86824
   0.03009  -0.87295
   0.03010  -0.87815
   0.03011  -0.88383
   0.03012  -0.88994
   0.03013  -0.89648
   0.03014  -0.90342
   0.03015  -0.91072
   0.03016  -0.91836
   0.03017  -0.92631
   0.03018  -0.93453
   0.03019  -0.94300
   0.03020  -0.95167
   0.03021  -0.96052
   0.03022  -0.96951
   0.03023  -0.97859
   0.03024  -0.98774
   0.03025  -0.99692
   0.03026  -1.00608
   0.03027  -1.01520
   0.03028  -1.02424
   0.03029  -1.03316
   0.03030  -1.04191
   0.03031  -1.05048
   0.03032  -1.05882
   0.03033  -1.06689
   0.03034  -1.07467
   0.03035  -1.08213
   0.03036  -1.08922
   0.03037  -1.09593
   0.03038  -1.10223
   0.03039  -1.10808
   0.03040  -1.11347
   0.03041  -1.11837
   0.03042  -1.12275
   0.03043  -1.12661
   0.03044  -1.12993
   0.03045  -1.13268
   0.03046  -1.13486
   0.03047  -1.13646
   0.03048  -1.13747
   0.03049  -1.13788
   0.03050  -1.13769
   0.03051  -1.13690
   0.03052  -1.13550
   0.03053  -1.13351
   0.03054  -1.13093
   0.03055  -1.12777
   0.03056  -1.12403
   0.03057  -1.11973
   0.03058  -1.11489
   0.03059  -1.10952
   0.03060  -1.10364
   0.03061  -1.09727
   0.03062  -1.09044
   0.03063  -1.08316
   0.03064  -1.07547
   0.03065  -1.06739
   0.03066  -1.05895
   0.03067  -1.05019
   0.03068  -1.04114
   0.03069  -1.03182
   0.03070  -1.02227
   0.03071  -1.01253
   0.03072  -1.00263
   0.03073  -0.99262
   0.03074  -0.98252
   0.03075  -0.97237
   0.03076  -0.96221
   0.03077  -0.95208
   0.03078  -0.94202
   0.03079  -0.93206
   0.03080  -0.92223
   0.03081  -0.91258
   0.03082  -0.90313
   0.03083  -0.89393
   0.03084  -0.88501
   0.03085  -0.87639
   0.03086  -0.86811
   0.03087  -0.86020
   0.03088  -0.85268
   0.03089  -0.84559
   0.03090  -0.83894
   0.03091  -0.83276
   0.03092  -0.82708
   0.03093  -0.82190
   0.03094  -0.81725
   0.03095  -0.81313
   0.03096  -0.80958
   0.03097  -0.80658
   0.03098  -0.80416
   0.03099  -0.80232
   0.03100  -0.80106
   0.03101  -0.80038
   0.03102  -0.80028
   0.03103  -0.80076
   0.03104  -0.80181
   0.03105  -0.80343
   0.03106  -0.80560
   0.03107  -0.80831
   0.03108  -0.81154
   0.03109  -0.81529
   0.03110  -0.81953
   0.03111  -0.82423
   0.03112  -0.82939
   0.03113  -0.83496
   0.03114  -0.84094
   0.03115  -0.84728
   0.03116  -0.85395
   0.03117  -0.86094
   0.03118  -0.86820
   0.03119  -0.87571
   0.03120  -0.88342
   0.03121  -0.89131
   0.03122  -0.89934
   0.03123  -0.90747
   0.03124  -0.91566
   0.03125  -0.92388
   0.03126  -0.93209
   0.03127  -0.94026
   0.03128  -0.94834
   0.03129  -0.95630
   0.03130  -0.96411
   0.03131  -0.97172
   0.03132  -0.97911
   0.03133  -0.98623
   0.03134  -0.99307
   0.03135  -0.99957
   0.03136  -1.00572
   0.03137  -1.01148
   0.03138  -1.01683
   0.03139  -1.02174
   0.03140  -1.02618
   0.03141  -1.03013
   0.03142  -1.03358
   0.03143  -1.03650
   0.03144  -1.03887
   0.03145  -1.04069
   0.03146  -1.04193
   0.03147  -1.04259
   0.03148  -1.04266
   0.03149  -1.04213
   0.03150  -1.04101
   0.03151  -1.03928
   0.03152  -1.03695
   0.03153  -1.03403
   0.03154  -1.03052
   0.03155  -1.02642
   0.03156  -1.02176
   0.03157  -1.01653
   0.03158  -1.01076
   0.03159  -1.00447
   0.03160  -0.99766
   0.03161  -0.99037
   0.03162  -0.98261
   0.03163  -0.97441
   0.03164  -0.96580
   0.03165  -0.95680
   0.03166  -0.94744
   0.03167  -0.93776
   0.03168  -0.92779
   0.03169  -0.91756
   0.03170  -0.90709
   0.03171  -0.89644
   0.03172  -0.88563
   0.03173  -0.87471
   0.03174  -0.86370
   0.03175  -0.85264
   0.03176  -0.84158
   0.03177  -0.83054
   0.03178  -0.81957
   0.03179  -0.80870
   0.03180  -0.79798
   0.03181  -0.78742
   0.03182  -0.77708
   0.03183  -0.76698
   0.03184  -0.75715
   0.03185  -0.74764
   0.03186  -0.73846
   0.03187  -0.72966
   0.03188  -0.72125
   0.03189  -0.71327
   0.03190  -0.70573
   0.03191  -0.69866
   0.03192  -0.69209
   0.03193  -0.68602
   0.03194  -0.68049
   0.03195  -0.67549
   0.03196  -0.67105
   0.03197  -0.66718
   0.03198  -0.66388
   0.03199  -0.66116
   0.03200  -0.65902
   0.03201  -0.65746
   0.03202  -0.65649
   0.03203  -0.65610
   0.03204  -0.65628
   0.03205  -0.65703
   0.03206  -0.65833
   0.03207  -0.66017
   0.03208  -0.66254
   0.03209  -0.66543
   0.03210  -0.66880
   0.03211  -0.67265
   0.03212  -0.67694
   0.03213  -0.68166
   0.03214  -0.68678
   0.03215  -0.69226
   0.03216  -0.69809
   0.03217  -0.70422
   0.03218  -0.71064
   0.03219  -0.71729
   0.03220  -0.72416
   0.03221  -0.73120
   0.03222  -0.73839
   0.03223  -0.74567
   0.03224  -0.75302
   0.03225  -0.76041
   0.03226  -0.76778
   0.03227  -0.77511
   0.03228  -0.78236
   0.03229  -0.78949
   0.03230  -0.79646
   0.03231  -0.80325
   0.03232  -0.80981
   0.03233  -0.81611
   0.03234  -0.82212
   0.03235  -0.82780
   0.03236  -0.83313
   0.03237  -0.83807
   0.03238  -0.84260
   0.03239  -0.84669
   0.03240  -0.85032
   0.03241  -0.85346
   0.03242  -0.85610
   0.03243  -0.85821
   0.03244  -0.85978
   0.03245  -0.86078
   0.03246  -0.86122
   0.03247  -0.86108
   0.03248  -0.86035
   0.03249  -0.85903
   0.03250  -0.85711
   0.03251  -0.85459
   0.03252  -0.85147
   0.03253  -0.84775
   0.03254  -0.84345
   0.03255  -0.83857
   0.03256  -0.83312
   0.03257  -0.82711
   0.03258  -0.82056
   0.03259  -0.81348
   0.03260  -0.80590
   0.03261  -0.79783
   0.03262  -0.78930
   0.03263  -0.78033
   0.03264  -0.77095
   0.03265  -0.76118
   0.03266  -0.75106
   0.03267  -0.74062
   0.03268  -0.72988
   0.03269  -0.71888
   0.03270  -0.70766
   0.03271  -0.69626
   0.03272  -0.68469
   0.03273  -0.67301
   0.03274  -0.66125
   0.03275  -0.64945
   0.03276  -0.63764
   0.03277  -0.62586
   0.03278  -0.61415
   0.03279  -0.60254
   0.03280  -0.59107
   0.03281  -0.57978
   0.03282  -0.56870
   0.03283  -0.55787
   0.03284  -0.54732
   0.03285  -0.53707
   0.03286  -0.52717
   0.03287  -0.51764
   0.03288  -0.50851
   0.03289  -0.49981
   0.03290  -0.49155
   0.03291  -0.48377
   0.03292  -0.47648
   0.03293  -0.46971
   0.03294  -0.46346
   0.03295  -0.45776
   0.03296  -0.45262
   0.03297  -0.44804
   0.03298  -0.44404
   0.03299  -0.44062
   0.03300  -0.43779
   0.03301  -0.43554
   0.03302  -0.43387
   0.03303  -0.43279
   0.03304  -0.43229
   0.03305  -0.43235
   0.03306  -0.43297
   0.03307  -0.43413
   0.03308  -0.43582
   0.03309  -0.43803
   0.03310  -0.44073
   0.03311  -0.44391
   0.03312  -0.44753
   0.03313  -0.45158
   0.03314  -0.45603
   0.03315  -0.46086
   0.03316  -0.46602
   0.03317  -0.47150
   0.03318  -0.47725
   0.03319  -0.48326
   0.03320  -0.48947
   0.03321  -0.49587
   0.03322  -0.50240
   0.03323  -0.50905
   0.03324  -0.51576
   0.03325  -0.52250
   0.03326  -0.52924
   0.03327  -0.53593
   0.03328  -0.54255
   0.03329  -0.54905
   0.03330  -0.55539
   0.03331  -0.56155
   0.03332  -0.56749
   0.03333  -0.57317
   0.03334  -0.57856
   0.03335  -0.58363
   0.03336  -0.58834
   0.03337  -0.59267
   0.03338  -0.59660
   0.03339  -0.60008
   0.03340  -0.60311
   0.03341  -0.60565
   0.03342  -0.60768
   0.03343  -0.60920
   0.03344  -0.61017
   0.03345  -0.61059
   0.03346  -0.61044
   0.03347  -0.60971
   0.03348  -0.60840
   0.03349  -0.60649
   0.03350  -0.60399
   0.03351  -0.60089
   0.03352  -0.59720
   0.03353  -0.59292
   0.03354  -0.58805
   0.03355  -0.58260
   0.03356  -0.57658
   0.03357  -0.57001
   0.03358  -0.56290
   0.03359  -0.55527
   0.03360  -0.54713
   0.03361  -0.53851
   0.03362  -0.52943
   0.03363  -0.51991
   0.03364  -0.50999
   0.03365  -0.49968
   0.03366  -0.48902
   0.03367  -0.47804
   0.03368  -0.46677
   0.03369  -0.45525
   0.03370  -0.44350
   0.03371  -0.43157
   0.03372  -0.41948
   0.03373  -0.40728
   0.03374  -0.39500
   0.03375  -0.38268
   0.03376  -0.37036
   0.03377  -0.35807
   0.03378  -0.34585
   0.03379  -0.33374
   0.03380  -0.32177
   0.03381  -0.30998
   0.03382  -0.29841
   0.03383  -0.28708
   0.03384  -0.27604
   0.03385  -0.26531
   0.03386  -0.25492
   0.03387  -0.24491
   0.03388  -0.23530
   0.03389  -0.22612
   0.03390  -0.21739
   0.03391  -0.20913
   0.03392  -0.20137
   0.03393  -0.19413
   0.03394  -0.18742
   0.03395  -0.18126
   0.03396  -0.17566
   0.03397  -0.17062
   0.03398  -0.16617
   0.03399  -0.16230
   0.03400  -0.15902
   0.03401  -0.15632
   0.03402  -0.15422
   0.03403  -0.15270
   0.03404  -0.15175
   0.03405  -0.15138
   0.03406  -0.15157
   0.03407  -0.15231
   0.03408  -0.15357
   0.03409  -0.15536
   0.03410  -0.15764
   0.03411  -0.16040
   0.03412  -0.16361
   0.03413  -0.16725
   0.03414  -0.17129
   0.03415  -0.17571
   0.03416  -0.18047
   0.03417  -0.18554
   0.03418  -0.19090
   0.03419  -0.19651
   0.03420  -0.20234
   0.03421  -0.20834
   0.03422  -0.21449
   0.03423  -0.22075
   0.03424  -0.22708
   0.03425  -0.23345
   0.03426  -0.23981
   0.03427  -0.24613
   0.03428  -0.25238
   0.03429  -0.25851
   0.03430  -0.26450
   0.03431  -0.27029
   0.03432  -0.27587
   0.03433  -0.28120
   0.03434  -0.28624
   0.03435  -0.29096
   0.03436  -0.29532
   0.03437  -0.29931
   0.03438  -0.30289
   0.03439  -0.30604
   0.03440  -0.30873
   0.03441  -0.31094
   0.03442  -0.31265
   0.03443  -0.31384
   0.03444  -0.31449
   0.03445  -0.31459
   0.03446  -0.31412
   0.03447  -0.31308
   0.03448  -0.31145
   0.03449  -0.30924
   0.03450  -0.30643
   0.03451  -0.30303
   0.03452  -0.29904
   0.03453  -0.29446
   0.03454  -0.28930
   0.03455  -0.28356
   0.03456  -0.27726
   0.03457  -0.27040
   0.03458  -0.26301
   0.03459  -0.25510
   0.03460  -0.24669
   0.03461  -0.23779
   0.03462  -0.22844
   0.03463  -0.21866
   0.03464  -0.20847
   0.03465  -0.19790
   0.03466  -0.18699
   0.03467  -0.17575
   0.03468  -0.16423
   0.03469  -0.15245
   0.03470  -0.14046
   0.03471  -0.12828
   0.03472  -0.11596
   0.03473  -0.10352
   0.03474  -0.09101
   0.03475  -0.07846
   0.03476  -0.06591
   0.03477  -0.05339
   0.03478  -0.04095
   0.03479  -0.02862
   0.03480  -0.01644
   0.03481  -0.00444
   0.03482   0.00735
   0.03483   0.01888
   0.03484   0.03013
   0.03485   0.04106
   0.03486   0.05165
   0.03487   0.06185
   0.03488   0.07166
   0.03489   0.08103
   0.03490   0.08994
   0.03491   0.09838
   0.03492   0.10632
   0.03493   0.11373
   0.03494   0.12062
   0.03495   0.12695
   0.03496   0.13272
   0.03497   0.13792
   0.03498   0.14253
   0.03499   0.14656
   0.03500   0.15000
   0.03501   0.15285
   0.03502   0.15510
   0.03503   0.15677
   0.03504   0.15785
   0.03505   0.15837
   0.03506   0.15831
   0.03507   0.15771
   0.03508   0.15658
   0.03509   0.15492
   0.03510   0.15276
   0.03511   0.15013
   0.03512   0.14704
   0.03513   0.14351
   0.03514   0.13958
   0.03515   0.13527
   0.03516   0.13062
   0.03517   0.12564
   0.03518   0.12039
   0.03519   0.11487
   0.03520   0.10914
   0.03521   0.10323
   0.03522   0.09717
   0.03523   0.09099
   0.03524   0.08475
   0.03525   0.07846
   0.03526   0.07217
   0.03527   0.06592
   0.03528   0.05974
   0.03529   0.05368
   0.03530   0.04776
   0.03531   0.04202
   0.03532   0.03649
   0.03533   0.03122
   0.03534   0.02624
   0.03535   0.02157
   0.03536   0.01724
   0.03537   0.01330
   0.03538   0.00975
   0.03539   0.00664
   0.03540   0.00398
   0.03541   0.00180
   0.03542   0.00012
   0.03543  -0.00105
   0.03544  -0.00168
   0.03545  -0.00176
   0.03546  -0.00128
   0.03547  -0.00022
   0.03548   0.00141
   0.03549   0.00363
   0.03550   0.00643
   0.03551   0.00983
   0.03552   0.01382
   0.03553   0.01839
   0.03554   0.02355
   0.03555   0.02927
   0.03556   0.03556
   0.03557   0.04239
   0.03558   0.04976
   0.03559   0.05765
   0.03560   0.06603
   0.03561   0.07489
   0.03562   0.08420
   0.03563   0.09395
   0.03564   0.10410
   0.03565   0.11462
   0.03566   0.12549
   0.03567   0.13667
   0.03568   0.14814
   0.03569   0.15986
   0.03570   0.17179
   0.03571   0.18390
   0.03572   0.19616
   0.03573   0.20853
   0.03574   0.22097
   0.03575   0.23345
   0.03576   0.24592
   0.03577   0.25835
   0.03578   0.27071
   0.03579   0.28295
   0.03580   0.29504
   0.03581   0.30695
   0.03582   0.31864
   0.03583   0.33007
   0.03584   0.34122
   0.03585   0.35204
   0.03586   0.36252
   0.03587   0.37261
   0.03588   0.38230
   0.03589   0.39155
   0.03590   0.40034
   0.03591   0.40866
   0.03592   0.41647
   0.03593   0.42375
   0.03594   0.43050
   0.03595   0.43670
   0.03596   0.44233
   0.03597   0.44738
   0.03598   0.45185
   0.03599   0.45573
   0.03600   0.45902
   0.03601   0.46171
   0.03602   0.46380
   0.03603   0.46531
   0.03604   0.46623
   0.03605   0.46658
   0.03606   0.46635
   0.03607   0.46558
   0.03608   0.46427
   0.03609   0.46243
   0.03610   0.46009
   0.03611   0.45727
   0.03612   0.45399
   0.03613   0.45027
   0.03614   0.44615
   0.03615   0.44164
   0.03616   0.43679
   0.03617   0.43161
   0.03618   0.42614
   0.03619   0.42042
   0.03620   0.41448
   0.03621   0.40835
   0.03622   0.40207
   0.03623   0.39567
   0.03624   0.38920
   0.03625   0.38268
   0.03626   0.37617
   0.03627   0.36968
   0.03628   0.36327
   0.03629   0.35696
   0.03630   0.35080
   0.03631   0.34481
   0.03632   0.33904
   0.03633   0.33352
   0.03634   0.32828
   0.03635   0.32335
   0.03636   0.31876
   0.03637   0.31455
   0.03638   0.31074
   0.03639   0.30736
   0.03640   0.30443
   0.03641   0.30197
   0.03642   0.30001
   0.03643   0.29856
   0.03644   0.29765
   0.03645   0.29728
   0.03646   0.29747
   0.03647   0.29823
   0.03648   0.29957
   0.03649   0.30149
   0.03650   0.30399
   0.03651   0.30708
   0.03652   0.31076
   0.03653   0.31502
   0.03654   0.31986
   0.03655   0.32527
   0.03656   0.33124
   0.03657   0.33775
   0.03658   0.34479
   0.03659   0.35235
   0.03660   0.36040
   0.03661   0.36893
   0.03662   0.37790
   0.03663   0.38731
   0.03664   0.39711
   0.03665   0.40729
   0.03666   0.41781
   0.03667   0.42864
   0.03668   0.43976
   0.03669   0.45112
   0.03670   0.46269
   0.03671   0.47444
   0.03672   0.48633
   0.03673   0.49833
   0.03674   0.51040
   0.03675   0.52250
   0.03676   0.53459
   0.03677   0.54665
   0.03678   0.55862
   0.03679   0.57048
   0.03680   0.58218
   0.03681   0.59370
   0.03682   0.60499
   0.03683   0.61602
   0.03684   0.62677
   0.03685   0.63719
   0.03686   0.64726
   0.03687   0.65695
   0.03688   0.66622
   0.03689   0.67506
   0.03690   0.68344
   0.03691   0.69133
   0.03692   0.69871
   0.03693   0.70558
   0.03694   0.71190
   0.03695   0.71766
   0.03696   0.72286
   0.03697   0.72748
   0.03698   0.73151
   0.03699   0.73494
   0.03700   0.73779
   0.03701   0.74003
   0.03702   0.74167
   0.03703   0.74273
   0.03704   0.74319
   0.03705   0.74308
   0.03706   0.74240
   0.03707   0.74116
   0.03708   0.73938
   0.03709   0.73707
   0.03710   0.73426
   0.03711   0.73096
   0.03712   0.72720
   0.03713   0.72301
   0.03714   0.71840
   0.03715   0.71341
   0.03716   0.70807
   0.03717   0.70240
   0.03718   0.69644
   0.03719   0.69022
   0.03720   0.68378
   0.03721   0.67714
   0.03722   0.67036
   0.03723   0.66346
   0.03724   0.65647
   0.03725   0.64945
   0.03726   0.64242
   0.03727   0.63541
   0.03728   0.62848
   0.03729   0.62165
   0.03730   0.61496
   0.03731   0.60845
   0.03732   0.60214
   0.03733   0.59609
   0.03734   0.59031
   0.03735   0.58484
   0.03736   0.57972
   0.03737   0.57496
   0.03738   0.57061
   0.03739   0.56668
   0.03740   0.56319
   0.03741   0.56018
   0.03742   0.55767
   0.03743   0.55566
   0.03744   0.55419
   0.03745   0.55325
   0.03746   0.55288
   0.03747   0.55307
   0.03748   0.55383
   0.03749   0.55518
   0.03750   0.55711
   0.03751   0.55962
   0.03752   0.56272
   0.03753   0.56640
   0.03754   0.57065
   0.03755   0.57547
   0.03756   0.58084
   0.03757   0.58676
   0.03758   0.59321
   0.03759   0.60017
   0.03760   0.60762
   0.03761   0.61554
   0.03762   0.62391
   0.03763   0.63271
   0.03764   0.64190
   0.03765   0.65146
   0.03766   0.66137
   0.03767   0.67158
   0.03768   0.68207
   0.03769   0.69281
   0.03770   0.70376
   0.03771   0.71488
   0.03772   0.72614
   0.03773   0.73751
   0.03774   0.74894
   0.03775   0.76041
   0.03776   0.77186
   0.03777   0.78327
   0.03778   0.79460
   0.03779   0.80581
   0.03780   0.81687
   0.03781   0.82773
   0.03782   0.83837
   0.03783   0.84875
   0.03784   0.85884
   0.03785   0.86860
   0.03786   0.87800
   0.03787   0.88703
   0.03788   0.89563
   0.03789   0.90380
   0.03790   0.91151
   0.03791   0.91873
   0.03792   0.92544
   0.03793   0.93162
   0.03794   0.93726
   0.03795   0.94234
   0.03796   0.94685
   0.03797   0.95078
   0.03798   0.95413
   0.03799   0.95687
   0.03800   0.95902
   0.03801   0.96056
   0.03802   0.96151
   0.03803   0.96186
   0.03804   0.96163
   0.03805   0.96081
   0.03806   0.95942
   0.03807   0.95747
   0.03808   0.95498
   0.03809   0.95196
   0.03810   0.94843
   0.03811   0.94442
   0.03812   0.93994
   0.03813   0.93502
   0.03814   0.92969
   0.03815   0.92398
   0.03816   0.91790
   0.03817   0.91150
   0.03818   0.90481
   0.03819   0.89786
   0.03820   0.89068
   0.03821   0.88331
   0.03822   0.87579
   0.03823   0.86814
   0.03824   0.86041
   0.03825   0.85264
   0.03826   0.84486
   0.03827   0.83711
   0.03828   0.82942
   0.03829   0.82184
   0.03830   0.81439
   0.03831   0.80712
   0.03832   0.80006
   0.03833   0.79324
   0.03834   0.78670
   0.03835   0.78046
   0.03836   0.77457
   0.03837   0.76905
   0.03838   0.76392
   0.03839   0.75921
   0.03840   0.75495
   0.03841   0.75117
   0.03842   0.74787
   0.03843   0.74508
   0.03844   0.74282
   0.03845   0.74111
   0.03846   0.73994
   0.03847   0.73935
   0.03848   0.73932
   0.03849   0.73987
   0.03850   0.74101
   0.03851   0.74272
   0.03852   0.74502
   0.03853   0.74790
   0.03854   0.75135
   0.03855   0.75537
   0.03856   0.75994
   0.03857   0.76505
   0.03858   0.77069
   0.03859   0.77684
   0.03860   0.78347
   0.03861   0.79058
   0.03862   0.79814
   0.03863   0.80612
   0.03864   0.81449
   0.03865   0.82324
   0.03866   0.83232
   0.03867   0.84171
   0.03868   0.85137
   0.03869   0.86128
   0.03870   0.87140
   0.03871   0.88169
   0.03872   0.89212
   0.03873   0.90266
   0.03874   0.91325
   0.03875   0.92388
   0.03876   0.93450
   0.03877   0.94507
   0.03878   0.95555
   0.03879   0.96592
   0.03880   0.97613
   0.03881   0.98615
   0.03882   0.99594
   0.03883   1.00547
   0.03884   1.01470
   0.03885   1.02361
   0.03886   1.03216
   0.03887   1.04033
   0.03888   1.04808
   0.03889   1.05539
   0.03890   1.06223
   0.03891   1.06859
   0.03892   1.07444
   0.03893   1.07976
   0.03894   1.08453
   0.03895   1.08874
   0.03896   1.09239
   0.03897   1.09544
   0.03898   1.09791
   0.03899   1.09979
   0.03900   1.10106
   0.03901   1.10173
   0.03902   1.10180
   0.03903   1.10127
   0.03904   1.10015
   0.03905   1.09845
   0.03906   1.09618
   0.03907   1.09335
   0.03908   1.08997
   0.03909   1.08606
   0.03910   1.08165
   0.03911   1.07674
   0.03912   1.07137
   0.03913   1.06556
   0.03914   1.05934
   0.03915   1.05273
   0.03916   1.04576
   0.03917   1.03846
   0.03918   1.03087
   0.03919   1.02302
   0.03920   1.01494
   0.03921   1.00666
   0.03922   0.99823
   0.03923   0.98968
   0.03924   0.98105
   0.03925   0.97237
   0.03926   0.96368
   0.03927   0.95502
   0.03928   0.94642
   0.03929   0.93792
   0.03930   0.92956
   0.03931   0.92138
   0.03932   0.91340
   0.03933   0.90567
   0.03934   0.89821
   0.03935   0.89106
   0.03936   0.88424
   0.03937   0.87780
   0.03938   0.87175
   0.03939   0.86612
   0.03940   0.86093
   0.03941   0.85622
   0.03942   0.85200
   0.03943   0.84829
   0.03944   0.84510
   0.03945   0.84245
   0.03946   0.84036
   0.03947   0.83883
   0.03948   0.83787
   0.03949   0.83749
   0.03950   0.83769
   0.03951   0.83847
   0.03952   0.83983
   0.03953   0.84178
   0.03954   0.84429
   0.03955   0.84737
   0.03956   0.85099
   0.03957   0.85517
   0.03958   0.85986
   0.03959   0.86507
   0.03960   0.87076
   0.03961   0.87693
   0.03962   0.88354
   0.03963   0.89057
   0.03964   0.89800
   0.03965   0.90579
   0.03966   0.91393
   0.03967   0.92237
   0.03968   0.93108
   0.03969   0.94004
   0.03970   0.94921
   0.03971   0.95855
   0.03972   0.96803
   0.03973   0.97760
   0.03974   0.98725
   0.03975   0.99692
   0.03976   1.00658
   0.03977   1.01619
   0.03978   1.02572
   0.03979   1.03513
   0.03980   1.04438
   0.03981   1.05344
   0.03982   1.06227
   0.03983   1.07084
   0.03984   1.07911
   0.03985   1.08706
   0.03986   1.09465
   0.03987   1.10185
   0.03988   1.10863
   0.03989   1.11498
   0.03990   1.12086
   0.03991   1.12625
   0.03992   1.13113
   0.03993   1.13548
   0.03994   1.13929
   0.03995   1.14254
   0.03996   1.14521
   0.03997   1.14730
   0.03998   1.14880
   0.03999   1.14970
   0.04000   1.15000
