   1.0000e+03   7.6232e-02
   1.1000e+03   9.2300e-02
   1.2000e+03   1.0992e-01
   1.3000e+03   1.2910e-01
   1.4000e+03   1.4985e-01
   1.5000e+03   1.7217e-01
   1.6000e+03   1.9608e-01
   1.7000e+03   2.2157e-01
   1.8000e+03   2.4867e-01
   1.9000e+03   2.7738e-01
   2.0000e+03   3.0771e-01
   2.1000e+03   3.3966e-01
   2.2000e+03   3.7326e-01
   2.3000e+03   4.0852e-01
   2.4000e+03   4.4544e-01
   2.5000e+03   4.8404e-01
   2.6000e+03   5.2434e-01
   2.7000e+03   5.6634e-01
   2.8000e+03   6.1007e-01
   2.9000e+03   6.5553e-01
   3.0000e+03   7.0275e-01
   3.1000e+03   7.5173e-01
   3.2000e+03   8.0250e-01
   3.3000e+03   8.5507e-01
   3.4000e+03   9.0945e-01
   3.5000e+03   9.6567e-01
   3.6000e+03   1.0238e+00
   3.7000e+03   1.0837e+00
   3.8000e+03   1.1455e+00
   3.9000e+03   1.2093e+00
   4.0000e+03   1.2749e+00
   4.1000e+03   1.3426e+00
   4.2000e+03   1.4121e+00
   4.3000e+03   1.4837e+00
   4.4000e+03   1.5572e+00
   4.5000e+03   1.6328e+00
   4.6000e+03   1.7103e+00
   4.7000e+03   1.7900e+00
   4.8000e+03   1.8716e+00
   4.9000e+03   1.9554e+00
   5.0000e+03   2.0412e+00
   5.1000e+03   2.1291e+00
   5.2000e+03   2.2191e+00
   5.3000e+03   2.3112e+00
   5.4000e+03   2.4054e+00
   5.5000e+03   2.5016e+00
   5.6000e+03   2.6000e+00
   5.7000e+03   2.7004e+00
   5.8000e+03   2.8028e+00
   5.9000e+03   2.9073e+00
   6.0000e+03   3.0138e+00
   6.1000e+03   3.1222e+00
   6.2000e+03   3.2325e+00
   6.3000e+03   3.3446e+00
   6.4000e+03   3.4585e+00
   6.5000e+03   3.5741e+00
   6.6000e+03   3.6912e+00
   6.7000e+03   3.8097e+00
   6.8000e+03   3.9296e+00
   6.9000e+03   4.0506e+00
   7.0000e+03   4.1726e+00
   7.1000e+03   4.2952e+00
   7.2000e+03   4.4185e+00
   7.3000e+03   4.5419e+00
   7.4000e+03   4.6653e+00
   7.5000e+03   4.7882e+00
   7.6000e+03   4.9104e+00
   7.7000e+03   5.0313e+00
   7.8000e+03   5.1506e+00
   7.9000e+03   5.2677e+00
   8.0000e+03   5.3820e+00
   8.1000e+03   5.4930e+00
   8.2000e+03   5.6000e+00
   8.3000e+03   5.7023e+00
   8.4000e+03   5.7993e+00
   8.5000e+03   5.8900e+00
   8.6000e+03   5.9738e+00
   8.7000e+03   6.0498e+00
   8.8000e+03   6.1173e+00
   8.9000e+03   6.1754e+00
   9.0000e+03   6.2233e+00
   9.1000e+03   6.2603e+00
   9.2000e+03   6.2858e+00
   9.3000e+03   6.2990e+00
   9.4000e+03   6.2995e+00
   9.5000e+03   6.2869e+00
   9.6000e+03   6.2608e+00
   9.7000e+03   6.2212e+00
   9.8000e+03   6.1678e+00
   9.9000e+03   6.1009e+00
   1.0000e+04   6.0206e+00
   1.0100e+04   5.9273e+00
   1.0200e+04   5.8214e+00
   1.0300e+04   5.7035e+00
   1.0400e+04   5.5743e+00
   1.0500e+04   5.4343e+00
   1.0600e+04   5.2845e+00
   1.0700e+04   5.1255e+00
   1.0800e+04   4.9582e+00
   1.0900e+04   4.7833e+00
   1.1000e+04   4.6017e+00
   1.1100e+04   4.4142e+00
   1.1200e+04   4.2214e+00
   1.1300e+04   4.0242e+00
   1.1400e+04   3.8231e+00
   1.1500e+04   3.6188e+00
   1.1600e+04   3.4119e+00
   1.1700e+04   3.2029e+00
   1.1800e+04   2.9923e+00
   1.1900e+04   2.7805e+00
   1.2000e+04   2.5680e+00
   1.2100e+04   2.3551e+00
   1.2200e+04   2.1422e+00
   1.2300e+04   1.9294e+00
   1.2400e+04   1.7172e+00
   1.2500e+04   1.5056e+00
   1.2600e+04   1.2949e+00
   1.2700e+04   1.0853e+00
   1.2800e+04   8.7696e-01
   1.2900e+04   6.6992e-01
   1.3000e+04   4.6434e-01
   1.3100e+04   2.6030e-01
   1.3200e+04   5.7894e-02
   1.3300e+04  -1.4282e-01
   1.3400e+04  -3.4179e-01
   1.3500e+04  -5.3897e-01
   1.3600e+04  -7.3432e-01
   1.3700e+04  -9.2783e-01
   1.3800e+04  -1.1195e+00
   1.3900e+04  -1.3092e+00
   1.4000e+04  -1.4971e+00
   1.4100e+04  -1.6831e+00
   1.4200e+04  -1.8672e+00
   1.4300e+04  -2.0494e+00
   1.4400e+04  -2.2298e+00
   1.4500e+04  -2.4083e+00
   1.4600e+04  -2.5850e+00
   1.4700e+04  -2.7598e+00
   1.4800e+04  -2.9329e+00
   1.4900e+04  -3.1041e+00
   1.5000e+04  -3.2736e+00
   1.5100e+04  -3.4413e+00
   1.5200e+04  -3.6074e+00
   1.5300e+04  -3.7717e+00
   1.5400e+04  -3.9343e+00
   1.5500e+04  -4.0953e+00
   1.5600e+04  -4.2547e+00
   1.5700e+04  -4.4125e+00
   1.5800e+04  -4.5687e+00
   1.5900e+04  -4.7233e+00
   1.6000e+04  -4.8765e+00
   1.6100e+04  -5.0281e+00
   1.6200e+04  -5.1783e+00
   1.6300e+04  -5.3270e+00
   1.6400e+04  -5.4742e+00
   1.6500e+04  -5.6201e+00
   1.6600e+04  -5.7646e+00
   1.6700e+04  -5.9077e+00
   1.6800e+04  -6.0495e+00
   1.6900e+04  -6.1900e+00
   1.7000e+04  -6.3292e+00
   1.7100e+04  -6.4672e+00
   1.7200e+04  -6.6038e+00
   1.7300e+04  -6.7393e+00
   1.7400e+04  -6.8736e+00
   1.7500e+04  -7.0066e+00
   1.7600e+04  -7.1385e+00
   1.7700e+04  -7.2693e+00
   1.7800e+04  -7.3989e+00
   1.7900e+04  -7.5275e+00
   1.8000e+04  -7.6549e+00
   1.8100e+04  -7.7813e+00
   1.8200e+04  -7.9066e+00
   1.8300e+04  -8.0309e+00
   1.8400e+04  -8.1541e+00
   1.8500e+04  -8.2764e+00
   1.8600e+04  -8.3976e+00
   1.8700e+04  -8.5179e+00
   1.8800e+04  -8.6373e+00
   1.8900e+04  -8.7557e+00
   1.9000e+04  -8.8731e+00
   1.9100e+04  -8.9897e+00
   1.9200e+04  -9.1054e+00
   1.9300e+04  -9.2201e+00
   1.9400e+04  -9.3341e+00
   1.9500e+04  -9.4471e+00
   1.9600e+04  -9.5593e+00
   1.9700e+04  -9.6707e+00
   1.9800e+04  -9.7813e+00
   1.9900e+04  -9.8910e+00
   2.0000e+04  -1.0000e+01
   2.0100e+04  -1.0108e+01
   2.0200e+04  -1.0216e+01
   2.0300e+04  -1.0322e+01
   2.0400e+04  -1.0428e+01
   2.0500e+04  -1.0533e+01
   2.0600e+04  -1.0638e+01
   2.0700e+04  -1.0742e+01
   2.0800e+04  -1.0845e+01
   2.0900e+04  -1.0947e+01
   2.1000e+04  -1.1048e+01
   2.1100e+04  -1.1149e+01
   2.1200e+04  -1.1250e+01
   2.1300e+04  -1.1349e+01
   2.1400e+04  -1.1448e+01
   2.1500e+04  -1.1547e+01
   2.1600e+04  -1.1644e+01
   2.1700e+04  -1.1742e+01
   2.1800e+04  -1.1838e+01
   2.1900e+04  -1.1934e+01
   2.2000e+04  -1.2029e+01
   2.2100e+04  -1.2124e+01
   2.2200e+04  -1.2218e+01
   2.2300e+04  -1.2311e+01
   2.2400e+04  -1.2404e+01
   2.2500e+04  -1.2497e+01
   2.2600e+04  -1.2589e+01
   2.2700e+04  -1.2680e+01
   2.2800e+04  -1.2771e+01
   2.2900e+04  -1.2861e+01
   2.3000e+04  -1.2951e+01
   2.3100e+04  -1.3040e+01
   2.3200e+04  -1.3128e+01
   2.3300e+04  -1.3216e+01
   2.3400e+04  -1.3304e+01
   2.3500e+04  -1.3391e+01
   2.3600e+04  -1.3478e+01
   2.3700e+04  -1.3564e+01
   2.3800e+04  -1.3650e+01
   2.3900e+04  -1.3735e+01
   2.4000e+04  -1.3820e+01
   2.4100e+04  -1.3904e+01
   2.4200e+04  -1.3988e+01
   2.4300e+04  -1.4071e+01
   2.4400e+04  -1.4154e+01
   2.4500e+04  -1.4237e+01
   2.4600e+04  -1.4319e+01
   2.4700e+04  -1.4400e+01
   2.4800e+04  -1.4482e+01
   2.4900e+04  -1.4562e+01
   2.5000e+04  -1.4643e+01
   2.5100e+04  -1.4723e+01
   2.5200e+04  -1.4802e+01
   2.5300e+04  -1.4881e+01
   2.5400e+04  -1.4960e+01
   2.5500e+04  -1.5038e+01
   2.5600e+04  -1.5116e+01
   2.5700e+04  -1.5194e+01
   2.5800e+04  -1.5271e+01
   2.5900e+04  -1.5348e+01
   2.6000e+04  -1.5424e+01
   2.6100e+04  -1.5500e+01
   2.6200e+04  -1.5576e+01
   2.6300e+04  -1.5651e+01
   2.6400e+04  -1.5726e+01
   2.6500e+04  -1.5801e+01
   2.6600e+04  -1.5875e+01
   2.6700e+04  -1.5949e+01
   2.6800e+04  -1.6023e+01
   2.6900e+04  -1.6096e+01
   2.7000e+04  -1.6169e+01
   2.7100e+04  -1.6241e+01
   2.7200e+04  -1.6313e+01
   2.7300e+04  -1.6385e+01
   2.7400e+04  -1.6457e+01
   2.7500e+04  -1.6528e+01
   2.7600e+04  -1.6599e+01
   2.7700e+04  -1.6669e+01
   2.7800e+04  -1.6740e+01
   2.7900e+04  -1.6810e+01
   2.8000e+04  -1.6879e+01
   2.8100e+04  -1.6949e+01
   2.8200e+04  -1.7018e+01
   2.8300e+04  -1.7086e+01
   2.8400e+04  -1.7155e+01
   2.8500e+04  -1.7223e+01
   2.8600e+04  -1.7291e+01
   2.8700e+04  -1.7359e+01
   2.8800e+04  -1.7426e+01
   2.8900e+04  -1.7493e+01
   2.9000e+04  -1.7560e+01
   2.9100e+04  -1.7626e+01
   2.9200e+04  -1.7692e+01
   2.9300e+04  -1.7758e+01
   2.9400e+04  -1.7824e+01
   2.9500e+04  -1.7889e+01
   2.9600e+04  -1.7954e+01
   2.9700e+04  -1.8019e+01
   2.9800e+04  -1.8084e+01
   2.9900e+04  -1.8148e+01
   3.0000e+04  -1.8212e+01
   3.0100e+04  -1.8276e+01
   3.0200e+04  -1.8339e+01
   3.0300e+04  -1.8402e+01
   3.0400e+04  -1.8465e+01
   3.0500e+04  -1.8528e+01
   3.0600e+04  -1.8591e+01
   3.0700e+04  -1.8653e+01
   3.0800e+04  -1.8715e+01
   3.0900e+04  -1.8777e+01
   3.1000e+04  -1.8839e+01
   3.1100e+04  -1.8900e+01
   3.1200e+04  -1.8961e+01
   3.1300e+04  -1.9022e+01
   3.1400e+04  -1.9083e+01
   3.1500e+04  -1.9143e+01
   3.1600e+04  -1.9203e+01
   3.1700e+04  -1.9263e+01
   3.1800e+04  -1.9323e+01
   3.1900e+04  -1.9382e+01
   3.2000e+04  -1.9442e+01
   3.2100e+04  -1.9501e+01
   3.2200e+04  -1.9560e+01
   3.2300e+04  -1.9618e+01
   3.2400e+04  -1.9677e+01
   3.2500e+04  -1.9735e+01
   3.2600e+04  -1.9793e+01
   3.2700e+04  -1.9851e+01
   3.2800e+04  -1.9909e+01
   3.2900e+04  -1.9966e+01
   3.3000e+04  -2.0023e+01
   3.3100e+04  -2.0080e+01
   3.3200e+04  -2.0137e+01
   3.3300e+04  -2.0194e+01
   3.3400e+04  -2.0250e+01
   3.3500e+04  -2.0306e+01
   3.3600e+04  -2.0362e+01
   3.3700e+04  -2.0418e+01
   3.3800e+04  -2.0474e+01
   3.3900e+04  -2.0529e+01
   3.4000e+04  -2.0584e+01
   3.4100e+04  -2.0639e+01
   3.4200e+04  -2.0694e+01
   3.4300e+04  -2.0749e+01
   3.4400e+04  -2.0804e+01
   3.4500e+04  -2.0858e+01
   3.4600e+04  -2.0912e+01
   3.4700e+04  -2.0966e+01
   3.4800e+04  -2.1020e+01
   3.4900e+04  -2.1073e+01
   3.5000e+04  -2.1127e+01
   3.5100e+04  -2.1180e+01
   3.5200e+04  -2.1233e+01
   3.5300e+04  -2.1286e+01
   3.5400e+04  -2.1339e+01
   3.5500e+04  -2.1392e+01
   3.5600e+04  -2.1444e+01
   3.5700e+04  -2.1496e+01
   3.5800e+04  -2.1548e+01
   3.5900e+04  -2.1600e+01
   3.6000e+04  -2.1652e+01
   3.6100e+04  -2.1703e+01
   3.6200e+04  -2.1755e+01
   3.6300e+04  -2.1806e+01
   3.6400e+04  -2.1857e+01
   3.6500e+04  -2.1908e+01
   3.6600e+04  -2.1959e+01
   3.6700e+04  -2.2010e+01
   3.6800e+04  -2.2060e+01
   3.6900e+04  -2.2110e+01
   3.7000e+04  -2.2161e+01
   3.7100e+04  -2.2211e+01
   3.7200e+04  -2.2260e+01
   3.7300e+04  -2.2310e+01
   3.7400e+04  -2.2360e+01
   3.7500e+04  -2.2409e+01
   3.7600e+04  -2.2458e+01
   3.7700e+04  -2.2507e+01
   3.7800e+04  -2.2556e+01
   3.7900e+04  -2.2605e+01
   3.8000e+04  -2.2654e+01
   3.8100e+04  -2.2702e+01
   3.8200e+04  -2.2751e+01
   3.8300e+04  -2.2799e+01
   3.8400e+04  -2.2847e+01
   3.8500e+04  -2.2895e+01
   3.8600e+04  -2.2943e+01
   3.8700e+04  -2.2991e+01
   3.8800e+04  -2.3038e+01
   3.8900e+04  -2.3086e+01
   3.9000e+04  -2.3133e+01
   3.9100e+04  -2.3180e+01
   3.9200e+04  -2.3227e+01
   3.9300e+04  -2.3274e+01
   3.9400e+04  -2.3321e+01
   3.9500e+04  -2.3367e+01
   3.9600e+04  -2.3414e+01
   3.9700e+04  -2.3460e+01
   3.9800e+04  -2.3506e+01
   3.9900e+04  -2.3552e+01
   4.0000e+04  -2.3598e+01
   4.0100e+04  -2.3644e+01
   4.0200e+04  -2.3690e+01
   4.0300e+04  -2.3735e+01
   4.0400e+04  -2.3781e+01
   4.0500e+04  -2.3826e+01
   4.0600e+04  -2.3871e+01
   4.0700e+04  -2.3917e+01
   4.0800e+04  -2.3961e+01
   4.0900e+04  -2.4006e+01
   4.1000e+04  -2.4051e+01
   4.1100e+04  -2.4096e+01
   4.1200e+04  -2.4140e+01
   4.1300e+04  -2.4184e+01
   4.1400e+04  -2.4229e+01
   4.1500e+04  -2.4273e+01
   4.1600e+04  -2.4317e+01
   4.1700e+04  -2.4361e+01
   4.1800e+04  -2.4404e+01
   4.1900e+04  -2.4448e+01
   4.2000e+04  -2.4492e+01
   4.2100e+04  -2.4535e+01
   4.2200e+04  -2.4578e+01
   4.2300e+04  -2.4622e+01
   4.2400e+04  -2.4665e+01
   4.2500e+04  -2.4708e+01
   4.2600e+04  -2.4751e+01
   4.2700e+04  -2.4793e+01
   4.2800e+04  -2.4836e+01
   4.2900e+04  -2.4879e+01
   4.3000e+04  -2.4921e+01
   4.3100e+04  -2.4963e+01
   4.3200e+04  -2.5005e+01
   4.3300e+04  -2.5048e+01
   4.3400e+04  -2.5090e+01
   4.3500e+04  -2.5131e+01
   4.3600e+04  -2.5173e+01
   4.3700e+04  -2.5215e+01
   4.3800e+04  -2.5257e+01
   4.3900e+04  -2.5298e+01
   4.4000e+04  -2.5339e+01
   4.4100e+04  -2.5381e+01
   4.4200e+04  -2.5422e+01
   4.4300e+04  -2.5463e+01
   4.4400e+04  -2.5504e+01
   4.4500e+04  -2.5545e+01
   4.4600e+04  -2.5585e+01
   4.4700e+04  -2.5626e+01
   4.4800e+04  -2.5667e+01
   4.4900e+04  -2.5707e+01
   4.5000e+04  -2.5748e+01
   4.5100e+04  -2.5788e+01
   4.5200e+04  -2.5828e+01
   4.5300e+04  -2.5868e+01
   4.5400e+04  -2.5908e+01
   4.5500e+04  -2.5948e+01
   4.5600e+04  -2.5988e+01
   4.5700e+04  -2.6027e+01
   4.5800e+04  -2.6067e+01
   4.5900e+04  -2.6107e+01
   4.6000e+04  -2.6146e+01
   4.6100e+04  -2.6185e+01
   4.6200e+04  -2.6225e+01
   4.6300e+04  -2.6264e+01
   4.6400e+04  -2.6303e+01
   4.6500e+04  -2.6342e+01
   4.6600e+04  -2.6381e+01
   4.6700e+04  -2.6419e+01
   4.6800e+04  -2.6458e+01
   4.6900e+04  -2.6497e+01
   4.7000e+04  -2.6535e+01
   4.7100e+04  -2.6574e+01
   4.7200e+04  -2.6612e+01
   4.7300e+04  -2.6650e+01
   4.7400e+04  -2.6688e+01
   4.7500e+04  -2.6726e+01
   4.7600e+04  -2.6764e+01
   4.7700e+04  -2.6802e+01
   4.7800e+04  -2.6840e+01
   4.7900e+04  -2.6878e+01
   4.8000e+04  -2.6915e+01
   4.8100e+04  -2.6953e+01
   4.8200e+04  -2.6990e+01
   4.8300e+04  -2.7028e+01
   4.8400e+04  -2.7065e+01
   4.8500e+04  -2.7102e+01
   4.8600e+04  -2.7140e+01
   4.8700e+04  -2.7177e+01
   4.8800e+04  -2.7214e+01
   4.8900e+04  -2.7250e+01
   4.9000e+04  -2.7287e+01
   4.9100e+04  -2.7324e+01
   4.9200e+04  -2.7361e+01
   4.9300e+04  -2.7397e+01
   4.9400e+04  -2.7434e+01
   4.9500e+04  -2.7470e+01
   4.9600e+04  -2.7507e+01
   4.9700e+04  -2.7543e+01
   4.9800e+04  -2.7579e+01
   4.9900e+04  -2.7615e+01
   5.0000e+04  -2.7651e+01
   5.0100e+04  -2.7687e+01
   5.0200e+04  -2.7723e+01
   5.0300e+04  -2.7759e+01
   5.0400e+04  -2.7794e+01
   5.0500e+04  -2.7830e+01
   5.0600e+04  -2.7866e+01
   5.0700e+04  -2.7901e+01
   5.0800e+04  -2.7937e+01
   5.0900e+04  -2.7972e+01
   5.1000e+04  -2.8007e+01
   5.1100e+04  -2.8042e+01
   5.1200e+04  -2.8078e+01
   5.1300e+04  -2.8113e+01
   5.1400e+04  -2.8148e+01
   5.1500e+04  -2.8182e+01
   5.1600e+04  -2.8217e+01
   5.1700e+04  -2.8252e+01
   5.1800e+04  -2.8287e+01
   5.1900e+04  -2.8321e+01
   5.2000e+04  -2.8356e+01
   5.2100e+04  -2.8390e+01
   5.2200e+04  -2.8425e+01
   5.2300e+04  -2.8459e+01
   5.2400e+04  -2.8493e+01
   5.2500e+04  -2.8528e+01
   5.2600e+04  -2.8562e+01
   5.2700e+04  -2.8596e+01
   5.2800e+04  -2.8630e+01
   5.2900e+04  -2.8664e+01
   5.3000e+04  -2.8698e+01
   5.3100e+04  -2.8731e+01
   5.3200e+04  -2.8765e+01
   5.3300e+04  -2.8799e+01
   5.3400e+04  -2.8832e+01
   5.3500e+04  -2.8866e+01
   5.3600e+04  -2.8899e+01
   5.3700e+04  -2.8933e+01
   5.3800e+04  -2.8966e+01
   5.3900e+04  -2.8999e+01
   5.4000e+04  -2.9032e+01
   5.4100e+04  -2.9066e+01
   5.4200e+04  -2.9099e+01
   5.4300e+04  -2.9132e+01
   5.4400e+04  -2.9164e+01
   5.4500e+04  -2.9197e+01
   5.4600e+04  -2.9230e+01
   5.4700e+04  -2.9263e+01
   5.4800e+04  -2.9296e+01
   5.4900e+04  -2.9328e+01
   5.5000e+04  -2.9361e+01
   5.5100e+04  -2.9393e+01
   5.5200e+04  -2.9426e+01
   5.5300e+04  -2.9458e+01
   5.5400e+04  -2.9490e+01
   5.5500e+04  -2.9523e+01
   5.5600e+04  -2.9555e+01
   5.5700e+04  -2.9587e+01
   5.5800e+04  -2.9619e+01
   5.5900e+04  -2.9651e+01
   5.6000e+04  -2.9683e+01
   5.6100e+04  -2.9715e+01
   5.6200e+04  -2.9747e+01
   5.6300e+04  -2.9778e+01
   5.6400e+04  -2.9810e+01
   5.6500e+04  -2.9842e+01
   5.6600e+04  -2.9873e+01
   5.6700e+04  -2.9905e+01
   5.6800e+04  -2.9936e+01
   5.6900e+04  -2.9968e+01
   5.7000e+04  -2.9999e+01
   5.7100e+04  -3.0030e+01
   5.7200e+04  -3.0061e+01
   5.7300e+04  -3.0093e+01
   5.7400e+04  -3.0124e+01
   5.7500e+04  -3.0155e+01
   5.7600e+04  -3.0186e+01
   5.7700e+04  -3.0217e+01
   5.7800e+04  -3.0248e+01
   5.7900e+04  -3.0278e+01
   5.8000e+04  -3.0309e+01
   5.8100e+04  -3.0340e+01
   5.8200e+04  -3.0371e+01
   5.8300e+04  -3.0401e+01
   5.8400e+04  -3.0432e+01
   5.8500e+04  -3.0462e+01
   5.8600e+04  -3.0493e+01
   5.8700e+04  -3.0523e+01
   5.8800e+04  -3.0553e+01
   5.8900e+04  -3.0584e+01
   5.9000e+04  -3.0614e+01
   5.9100e+04  -3.0644e+01
   5.9200e+04  -3.0674e+01
   5.9300e+04  -3.0704e+01
   5.9400e+04  -3.0734e+01
   5.9500e+04  -3.0764e+01
   5.9600e+04  -3.0794e+01
   5.9700e+04  -3.0824e+01
   5.9800e+04  -3.0854e+01
   5.9900e+04  -3.0883e+01
   6.0000e+04  -3.0913e+01
   6.0100e+04  -3.0943e+01
   6.0200e+04  -3.0972e+01
   6.0300e+04  -3.1002e+01
   6.0400e+04  -3.1031e+01
   6.0500e+04  -3.1061e+01
   6.0600e+04  -3.1090e+01
   6.0700e+04  -3.1120e+01
   6.0800e+04  -3.1149e+01
   6.0900e+04  -3.1178e+01
   6.1000e+04  -3.1207e+01
   6.1100e+04  -3.1236e+01
   6.1200e+04  -3.1265e+01
   6.1300e+04  -3.1295e+01
   6.1400e+04  -3.1324e+01
   6.1500e+04  -3.1352e+01
   6.1600e+04  -3.1381e+01
   6.1700e+04  -3.1410e+01
   6.1800e+04  -3.1439e+01
   6.1900e+04  -3.1468e+01
   6.2000e+04  -3.1496e+01
   6.2100e+04  -3.1525e+01
   6.2200e+04  -3.1554e+01
   6.2300e+04  -3.1582e+01
   6.2400e+04  -3.1611e+01
   6.2500e+04  -3.1639e+01
   6.2600e+04  -3.1668e+01
   6.2700e+04  -3.1696e+01
   6.2800e+04  -3.1724e+01
   6.2900e+04  -3.1752e+01
   6.3000e+04  -3.1781e+01
   6.3100e+04  -3.1809e+01
   6.3200e+04  -3.1837e+01
   6.3300e+04  -3.1865e+01
   6.3400e+04  -3.1893e+01
   6.3500e+04  -3.1921e+01
   6.3600e+04  -3.1949e+01
   6.3700e+04  -3.1977e+01
   6.3800e+04  -3.2005e+01
   6.3900e+04  -3.2033e+01
   6.4000e+04  -3.2060e+01
   6.4100e+04  -3.2088e+01
   6.4200e+04  -3.2116e+01
   6.4300e+04  -3.2143e+01
   6.4400e+04  -3.2171e+01
   6.4500e+04  -3.2198e+01
   6.4600e+04  -3.2226e+01
   6.4700e+04  -3.2253e+01
   6.4800e+04  -3.2281e+01
   6.4900e+04  -3.2308e+01
   6.5000e+04  -3.2335e+01
   6.5100e+04  -3.2363e+01
   6.5200e+04  -3.2390e+01
   6.5300e+04  -3.2417e+01
   6.5400e+04  -3.2444e+01
   6.5500e+04  -3.2471e+01
   6.5600e+04  -3.2498e+01
   6.5700e+04  -3.2525e+01
   6.5800e+04  -3.2552e+01
   6.5900e+04  -3.2579e+01
   6.6000e+04  -3.2606e+01
   6.6100e+04  -3.2633e+01
   6.6200e+04  -3.2660e+01
   6.6300e+04  -3.2686e+01
   6.6400e+04  -3.2713e+01
   6.6500e+04  -3.2740e+01
   6.6600e+04  -3.2766e+01
   6.6700e+04  -3.2793e+01
   6.6800e+04  -3.2820e+01
   6.6900e+04  -3.2846e+01
   6.7000e+04  -3.2873e+01
   6.7100e+04  -3.2899e+01
   6.7200e+04  -3.2925e+01
   6.7300e+04  -3.2952e+01
   6.7400e+04  -3.2978e+01
   6.7500e+04  -3.3004e+01
   6.7600e+04  -3.3030e+01
   6.7700e+04  -3.3057e+01
   6.7800e+04  -3.3083e+01
   6.7900e+04  -3.3109e+01
   6.8000e+04  -3.3135e+01
   6.8100e+04  -3.3161e+01
   6.8200e+04  -3.3187e+01
   6.8300e+04  -3.3213e+01
   6.8400e+04  -3.3239e+01
   6.8500e+04  -3.3265e+01
   6.8600e+04  -3.3290e+01
   6.8700e+04  -3.3316e+01
   6.8800e+04  -3.3342e+01
   6.8900e+04  -3.3368e+01
   6.9000e+04  -3.3393e+01
   6.9100e+04  -3.3419e+01
   6.9200e+04  -3.3445e+01
   6.9300e+04  -3.3470e+01
   6.9400e+04  -3.3496e+01
   6.9500e+04  -3.3521e+01
   6.9600e+04  -3.3546e+01
   6.9700e+04  -3.3572e+01
   6.9800e+04  -3.3597e+01
   6.9900e+04  -3.3623e+01
   7.0000e+04  -3.3648e+01
   7.0100e+04  -3.3673e+01
   7.0200e+04  -3.3698e+01
   7.0300e+04  -3.3723e+01
   7.0400e+04  -3.3749e+01
   7.0500e+04  -3.3774e+01
   7.0600e+04  -3.3799e+01
   7.0700e+04  -3.3824e+01
   7.0800e+04  -3.3849e+01
   7.0900e+04  -3.3874e+01
   7.1000e+04  -3.3899e+01
   7.1100e+04  -3.3924e+01
   7.1200e+04  -3.3948e+01
   7.1300e+04  -3.3973e+01
   7.1400e+04  -3.3998e+01
   7.1500e+04  -3.4023e+01
   7.1600e+04  -3.4047e+01
   7.1700e+04  -3.4072e+01
   7.1800e+04  -3.4097e+01
   7.1900e+04  -3.4121e+01
   7.2000e+04  -3.4146e+01
   7.2100e+04  -3.4170e+01
   7.2200e+04  -3.4195e+01
   7.2300e+04  -3.4219e+01
   7.2400e+04  -3.4244e+01
   7.2500e+04  -3.4268e+01
   7.2600e+04  -3.4292e+01
   7.2700e+04  -3.4317e+01
   7.2800e+04  -3.4341e+01
   7.2900e+04  -3.4365e+01
   7.3000e+04  -3.4389e+01
   7.3100e+04  -3.4414e+01
   7.3200e+04  -3.4438e+01
   7.3300e+04  -3.4462e+01
   7.3400e+04  -3.4486e+01
   7.3500e+04  -3.4510e+01
   7.3600e+04  -3.4534e+01
   7.3700e+04  -3.4558e+01
   7.3800e+04  -3.4582e+01
   7.3900e+04  -3.4606e+01
   7.4000e+04  -3.4630e+01
   7.4100e+04  -3.4654e+01
   7.4200e+04  -3.4677e+01
   7.4300e+04  -3.4701e+01
   7.4400e+04  -3.4725e+01
   7.4500e+04  -3.4749e+01
   7.4600e+04  -3.4772e+01
   7.4700e+04  -3.4796e+01
   7.4800e+04  -3.4819e+01
   7.4900e+04  -3.4843e+01
   7.5000e+04  -3.4867e+01
   7.5100e+04  -3.4890e+01
   7.5200e+04  -3.4914e+01
   7.5300e+04  -3.4937e+01
   7.5400e+04  -3.4960e+01
   7.5500e+04  -3.4984e+01
   7.5600e+04  -3.5007e+01
   7.5700e+04  -3.5031e+01
   7.5800e+04  -3.5054e+01
   7.5900e+04  -3.5077e+01
   7.6000e+04  -3.5100e+01
   7.6100e+04  -3.5123e+01
   7.6200e+04  -3.5147e+01
   7.6300e+04  -3.5170e+01
   7.6400e+04  -3.5193e+01
   7.6500e+04  -3.5216e+01
   7.6600e+04  -3.5239e+01
   7.6700e+04  -3.5262e+01
   7.6800e+04  -3.5285e+01
   7.6900e+04  -3.5308e+01
   7.7000e+04  -3.5331e+01
   7.7100e+04  -3.5354e+01
   7.7200e+04  -3.5377e+01
   7.7300e+04  -3.5399e+01
   7.7400e+04  -3.5422e+01
   7.7500e+04  -3.5445e+01
   7.7600e+04  -3.5468e+01
   7.7700e+04  -3.5490e+01
   7.7800e+04  -3.5513e+01
   7.7900e+04  -3.5536e+01
   7.8000e+04  -3.5558e+01
   7.8100e+04  -3.5581e+01
   7.8200e+04  -3.5603e+01
   7.8300e+04  -3.5626e+01
   7.8400e+04  -3.5648e+01
   7.8500e+04  -3.5671e+01
   7.8600e+04  -3.5693e+01
   7.8700e+04  -3.5716e+01
   7.8800e+04  -3.5738e+01
   7.8900e+04  -3.5760e+01
   7.9000e+04  -3.5783e+01
   7.9100e+04  -3.5805e+01
   7.9200e+04  -3.5827e+01
   7.9300e+04  -3.5849e+01
   7.9400e+04  -3.5872e+01
   7.9500e+04  -3.5894e+01
   7.9600e+04  -3.5916e+01
   7.9700e+04  -3.5938e+01
   7.9800e+04  -3.5960e+01
   7.9900e+04  -3.5982e+01
   8.0000e+04  -3.6004e+01
   8.0100e+04  -3.6026e+01
   8.0200e+04  -3.6048e+01
   8.0300e+04  -3.6070e+01
   8.0400e+04  -3.6092e+01
   8.0500e+04  -3.6114e+01
   8.0600e+04  -3.6136e+01
   8.0700e+04  -3.6158e+01
   8.0800e+04  -3.6180e+01
   8.0900e+04  -3.6201e+01
   8.1000e+04  -3.6223e+01
   8.1100e+04  -3.6245e+01
   8.1200e+04  -3.6266e+01
   8.1300e+04  -3.6288e+01
   8.1400e+04  -3.6310e+01
   8.1500e+04  -3.6331e+01
   8.1600e+04  -3.6353e+01
   8.1700e+04  -3.6375e+01
   8.1800e+04  -3.6396e+01
   8.1900e+04  -3.6418e+01
   8.2000e+04  -3.6439e+01
   8.2100e+04  -3.6460e+01
   8.2200e+04  -3.6482e+01
   8.2300e+04  -3.6503e+01
   8.2400e+04  -3.6525e+01
   8.2500e+04  -3.6546e+01
   8.2600e+04  -3.6567e+01
   8.2700e+04  -3.6589e+01
   8.2800e+04  -3.6610e+01
   8.2900e+04  -3.6631e+01
   8.3000e+04  -3.6652e+01
   8.3100e+04  -3.6673e+01
   8.3200e+04  -3.6695e+01
   8.3300e+04  -3.6716e+01
   8.3400e+04  -3.6737e+01
   8.3500e+04  -3.6758e+01
   8.3600e+04  -3.6779e+01
   8.3700e+04  -3.6800e+01
   8.3800e+04  -3.6821e+01
   8.3900e+04  -3.6842e+01
   8.4000e+04  -3.6863e+01
   8.4100e+04  -3.6884e+01
   8.4200e+04  -3.6905e+01
   8.4300e+04  -3.6926e+01
   8.4400e+04  -3.6947e+01
   8.4500e+04  -3.6967e+01
   8.4600e+04  -3.6988e+01
   8.4700e+04  -3.7009e+01
   8.4800e+04  -3.7030e+01
   8.4900e+04  -3.7050e+01
   8.5000e+04  -3.7071e+01
   8.5100e+04  -3.7092e+01
   8.5200e+04  -3.7112e+01
   8.5300e+04  -3.7133e+01
   8.5400e+04  -3.7154e+01
   8.5500e+04  -3.7174e+01
   8.5600e+04  -3.7195e+01
   8.5700e+04  -3.7215e+01
   8.5800e+04  -3.7236e+01
   8.5900e+04  -3.7256e+01
   8.6000e+04  -3.7277e+01
   8.6100e+04  -3.7297e+01
   8.6200e+04  -3.7318e+01
   8.6300e+04  -3.7338e+01
   8.6400e+04  -3.7358e+01
   8.6500e+04  -3.7379e+01
   8.6600e+04  -3.7399e+01
   8.6700e+04  -3.7419e+01
   8.6800e+04  -3.7440e+01
   8.6900e+04  -3.7460e+01
   8.7000e+04  -3.7480e+01
   8.7100e+04  -3.7500e+01
   8.7200e+04  -3.7520e+01
   8.7300e+04  -3.7540e+01
   8.7400e+04  -3.7561e+01
   8.7500e+04  -3.7581e+01
   8.7600e+04  -3.7601e+01
   8.7700e+04  -3.7621e+01
   8.7800e+04  -3.7641e+01
   8.7900e+04  -3.7661e+01
   8.8000e+04  -3.7681e+01
   8.8100e+04  -3.7701e+01
   8.8200e+04  -3.7721e+01
   8.8300e+04  -3.7741e+01
   8.8400e+04  -3.7760e+01
   8.8500e+04  -3.7780e+01
   8.8600e+04  -3.7800e+01
   8.8700e+04  -3.7820e+01
   8.8800e+04  -3.7840e+01
   8.8900e+04  -3.7860e+01
   8.9000e+04  -3.7879e+01
   8.9100e+04  -3.7899e+01
   8.9200e+04  -3.7919e+01
   8.9300e+04  -3.7938e+01
   8.9400e+04  -3.7958e+01
   8.9500e+04  -3.7978e+01
   8.9600e+04  -3.7997e+01
   8.9700e+04  -3.8017e+01
   8.9800e+04  -3.8036e+01
   8.9900e+04  -3.8056e+01
   9.0000e+04  -3.8076e+01
   9.0100e+04  -3.8095e+01
   9.0200e+04  -3.8114e+01
   9.0300e+04  -3.8134e+01
   9.0400e+04  -3.8153e+01
   9.0500e+04  -3.8173e+01
   9.0600e+04  -3.8192e+01
   9.0700e+04  -3.8212e+01
   9.0800e+04  -3.8231e+01
   9.0900e+04  -3.8250e+01
   9.1000e+04  -3.8270e+01
   9.1100e+04  -3.8289e+01
   9.1200e+04  -3.8308e+01
   9.1300e+04  -3.8327e+01
   9.1400e+04  -3.8347e+01
   9.1500e+04  -3.8366e+01
   9.1600e+04  -3.8385e+01
   9.1700e+04  -3.8404e+01
   9.1800e+04  -3.8423e+01
   9.1900e+04  -3.8442e+01
   9.2000e+04  -3.8461e+01
   9.2100e+04  -3.8480e+01
   9.2200e+04  -3.8500e+01
   9.2300e+04  -3.8519e+01
   9.2400e+04  -3.8538e+01
   9.2500e+04  -3.8557e+01
   9.2600e+04  -3.8575e+01
   9.2700e+04  -3.8594e+01
   9.2800e+04  -3.8613e+01
   9.2900e+04  -3.8632e+01
   9.3000e+04  -3.8651e+01
   9.3100e+04  -3.8670e+01
   9.3200e+04  -3.8689e+01
   9.3300e+04  -3.8708e+01
   9.3400e+04  -3.8726e+01
   9.3500e+04  -3.8745e+01
   9.3600e+04  -3.8764e+01
   9.3700e+04  -3.8783e+01
   9.3800e+04  -3.8801e+01
   9.3900e+04  -3.8820e+01
   9.4000e+04  -3.8839e+01
   9.4100e+04  -3.8857e+01
   9.4200e+04  -3.8876e+01
   9.4300e+04  -3.8895e+01
   9.4400e+04  -3.8913e+01
   9.4500e+04  -3.8932e+01
   9.4600e+04  -3.8950e+01
   9.4700e+04  -3.8969e+01
   9.4800e+04  -3.8987e+01
   9.4900e+04  -3.9006e+01
   9.5000e+04  -3.9024e+01
   9.5100e+04  -3.9043e+01
   9.5200e+04  -3.9061e+01
   9.5300e+04  -3.9080e+01
   9.5400e+04  -3.9098e+01
   9.5500e+04  -3.9117e+01
   9.5600e+04  -3.9135e+01
   9.5700e+04  -3.9153e+01
   9.5800e+04  -3.9172e+01
   9.5900e+04  -3.9190e+01
   9.6000e+04  -3.9208e+01
   9.6100e+04  -3.9226e+01
   9.6200e+04  -3.9245e+01
   9.6300e+04  -3.9263e+01
   9.6400e+04  -3.9281e+01
   9.6500e+04  -3.9299e+01
   9.6600e+04  -3.9317e+01
   9.6700e+04  -3.9336e+01
   9.6800e+04  -3.9354e+01
   9.6900e+04  -3.9372e+01
   9.7000e+04  -3.9390e+01
   9.7100e+04  -3.9408e+01
   9.7200e+04  -3.9426e+01
   9.7300e+04  -3.9444e+01
   9.7400e+04  -3.9462e+01
   9.7500e+04  -3.9480e+01
   9.7600e+04  -3.9498e+01
   9.7700e+04  -3.9516e+01
   9.7800e+04  -3.9534e+01
   9.7900e+04  -3.9552e+01
   9.8000e+04  -3.9570e+01
   9.8100e+04  -3.9588e+01
   9.8200e+04  -3.9605e+01
   9.8300e+04  -3.9623e+01
   9.8400e+04  -3.9641e+01
   9.8500e+04  -3.9659e+01
   9.8600e+04  -3.9677e+01
   9.8700e+04  -3.9694e+01
   9.8800e+04  -3.9712e+01
   9.8900e+04  -3.9730e+01
   9.9000e+04  -3.9748e+01
   9.9100e+04  -3.9765e+01
   9.9200e+04  -3.9783e+01
   9.9300e+04  -3.9801e+01
   9.9400e+04  -3.9818e+01
   9.9500e+04  -3.9836e+01
   9.9600e+04  -3.9854e+01
   9.9700e+04  -3.9871e+01
   9.9800e+04  -3.9889e+01
   9.9900e+04  -3.9906e+01
   1.0000e+05  -3.9924e+01
