   0.00000   0.14963
   0.00001   0.14887
   0.00002   0.14751
   0.00003   0.14558
   0.00004   0.14307
   0.00005   0.14000
   0.00006   0.13638
   0.00007   0.13222
   0.00008   0.12753
   0.00009   0.12234
   0.00010   0.11667
   0.00011   0.11054
   0.00012   0.10398
   0.00013   0.09700
   0.00014   0.08964
   0.00015   0.08192
   0.00016   0.07389
   0.00017   0.06556
   0.00018   0.05697
   0.00019   0.04816
   0.00020   0.03916
   0.00021   0.03000
   0.00022   0.02072
   0.00023   0.01137
   0.00024   0.00197
   0.00025  -0.00744
   0.00026  -0.01682
   0.00027  -0.02614
   0.00028  -0.03535
   0.00029  -0.04442
   0.00030  -0.05331
   0.00031  -0.06200
   0.00032  -0.07044
   0.00033  -0.07860
   0.00034  -0.08645
   0.00035  -0.09396
   0.00036  -0.10110
   0.00037  -0.10784
   0.00038  -0.11416
   0.00039  -0.12002
   0.00040  -0.12541
   0.00041  -0.13031
   0.00042  -0.13469
   0.00043  -0.13854
   0.00044  -0.14184
   0.00045  -0.14458
   0.00046  -0.14675
   0.00047  -0.14834
   0.00048  -0.14935
   0.00049  -0.14977
   0.00050  -0.14960
   0.00051  -0.14883
   0.00052  -0.14748
   0.00053  -0.14554
   0.00054  -0.14304
   0.00055  -0.13996
   0.00056  -0.13634
   0.00057  -0.13217
   0.00058  -0.12749
   0.00059  -0.12230
   0.00060  -0.11663
   0.00061  -0.11049
   0.00062  -0.10393
   0.00063  -0.09695
   0.00064  -0.08959
   0.00065  -0.08187
   0.00066  -0.07383
   0.00067  -0.06550
   0.00068  -0.05691
   0.00069  -0.04810
   0.00070  -0.03910
   0.00071  -0.02994
   0.00072  -0.02066
   0.00073  -0.01130
   0.00074  -0.00190
   0.00075   0.00751
   0.00076   0.01689
   0.00077   0.02621
   0.00078   0.03542
   0.00079   0.04449
   0.00080   0.05339
   0.00081   0.06207
   0.00082   0.07051
   0.00083   0.07868
   0.00084   0.08653
   0.00085   0.09404
   0.00086   0.10118
   0.00087   0.10792
   0.00088   0.11424
   0.00089   0.12010
   0.00090   0.12550
   0.00091   0.13039
   0.00092   0.13477
   0.00093   0.13862
   0.00094   0.14193
   0.00095   0.14467
   0.00096   0.14685
   0.00097   0.14844
   0.00098   0.14945
   0.00099   0.14987
   0.00100   0.14969
   0.00101   0.14893
   0.00102   0.14758
   0.00103   0.14565
   0.00104   0.14314
   0.00105   0.14007
   0.00106   0.13644
   0.00107   0.13228
   0.00108   0.12760
   0.00109   0.12241
   0.00110   0.11674
   0.00111   0.11061
   0.00112   0.10404
   0.00113   0.09706
   0.00114   0.08970
   0.00115   0.08199
   0.00116   0.07395
   0.00117   0.06562
   0.00118   0.05703
   0.00119   0.04822
   0.00120   0.03922
   0.00121   0.03006
   0.00122   0.02079
   0.00123   0.01143
   0.00124   0.00203
   0.00125  -0.00738
   0.00126  -0.01676
   0.00127  -0.02607
   0.00128  -0.03528
   0.00129  -0.04435
   0.00130  -0.05325
   0.00131  -0.06193
   0.00132  -0.07037
   0.00133  -0.07854
   0.00134  -0.08639
   0.00135  -0.09390
   0.00136  -0.10104
   0.00137  -0.10778
   0.00138  -0.11409
   0.00139  -0.11996
   0.00140  -0.12535
   0.00141  -0.13024
   0.00142  -0.13462
   0.00143  -0.13847
   0.00144  -0.14178
   0.00145  -0.14452
   0.00146  -0.14669
   0.00147  -0.14828
   0.00148  -0.14929
   0.00149  -0.14971
   0.00150  -0.14953
   0.00151  -0.14877
   0.00152  -0.14742
   0.00153  -0.14548
   0.00154  -0.14297
   0.00155  -0.13990
   0.00156  -0.13628
   0.00157  -0.13211
   0.00158  -0.12743
   0.00159  -0.12224
   0.00160  -0.11657
   0.00161  -0.11043
   0.00162  -0.10386
   0.00163  -0.09689
   0.00164  -0.08952
   0.00165  -0.08181
   0.00166  -0.07377
   0.00167  -0.06544
   0.00168  -0.05685
   0.00169  -0.04804
   0.00170  -0.03904
   0.00171  -0.02988
   0.00172  -0.02060
   0.00173  -0.01124
   0.00174  -0.00184
   0.00175   0.00757
   0.00176   0.01695
   0.00177   0.02627
   0.00178   0.03548
   0.00179   0.04455
   0.00180   0.05345
   0.00181   0.06213
   0.00182   0.07057
   0.00183   0.07874
   0.00184   0.08659
   0.00185   0.09410
   0.00186   0.10124
   0.00187   0.10798
   0.00188   0.11430
   0.00189   0.12016
   0.00190   0.12556
   0.00191   0.13045
   0.00192   0.13483
   0.00193   0.13868
   0.00194   0.14199
   0.00195   0.14473
   0.00196   0.14690
   0.00197   0.14850
   0.00198   0.14951
   0.00199   0.14992
   0.00200   0.14975
   0.00201   0.14899
   0.00202   0.14764
   0.00203   0.14570
   0.00204   0.14320
   0.00205   0.14013
   0.00206   0.13650
   0.00207   0.13234
   0.00208   0.12765
   0.00209   0.12247
   0.00210   0.11680
   0.00211   0.11066
   0.00212   0.10410
   0.00213   0.09712
   0.00214   0.08976
   0.00215   0.08204
   0.00216   0.07401
   0.00217   0.06568
   0.00218   0.05709
   0.00219   0.04828
   0.00220   0.03928
   0.00221   0.03012
   0.00222   0.02084
   0.00223   0.01149
   0.00224   0.00209
   0.00225  -0.00732
   0.00226  -0.01670
   0.00227  -0.02602
   0.00228  -0.03523
   0.00229  -0.04430
   0.00230  -0.05319
   0.00231  -0.06188
   0.00232  -0.07032
   0.00233  -0.07848
   0.00234  -0.08633
   0.00235  -0.09384
   0.00236  -0.10098
   0.00237  -0.10772
   0.00238  -0.11404
   0.00239  -0.11990
   0.00240  -0.12529
   0.00241  -0.13019
   0.00242  -0.13457
   0.00243  -0.13842
   0.00244  -0.14172
   0.00245  -0.14446
   0.00246  -0.14664
   0.00247  -0.14823
   0.00248  -0.14924
   0.00249  -0.14965
   0.00250  -0.14948
   0.00251  -0.14872
   0.00252  -0.14736
   0.00253  -0.14543
   0.00254  -0.14292
   0.00255  -0.13985
   0.00256  -0.13622
   0.00257  -0.13206
   0.00258  -0.12737
   0.00259  -0.12218
   0.00260  -0.11651
   0.00261  -0.11038
   0.00262  -0.10381
   0.00263  -0.09683
   0.00264  -0.08947
   0.00265  -0.08176
   0.00266  -0.07372
   0.00267  -0.06539
   0.00268  -0.05680
   0.00269  -0.04799
   0.00270  -0.03898
   0.00271  -0.02983
   0.00272  -0.02055
   0.00273  -0.01119
   0.00274  -0.00179
   0.00275   0.00762
   0.00276   0.01700
   0.00277   0.02632
   0.00278   0.03553
   0.00279   0.04460
   0.00280   0.05350
   0.00281   0.06218
   0.00282   0.07062
   0.00283   0.07878
   0.00284   0.08664
   0.00285   0.09415
   0.00286   0.10129
   0.00287   0.10803
   0.00288   0.11435
   0.00289   0.12021
   0.00290   0.12560
   0.00291   0.13050
   0.00292   0.13488
   0.00293   0.13873
   0.00294   0.14203
   0.00295   0.14478
   0.00296   0.14695
   0.00297   0.14854
   0.00298   0.14955
   0.00299   0.14997
   0.00300   0.14980
   0.00301   0.14903
   0.00302   0.14768
   0.00303   0.14575
   0.00304   0.14324
   0.00305   0.14017
   0.00306   0.13655
   0.00307   0.13238
   0.00308   0.12770
   0.00309   0.12251
   0.00310   0.11684
   0.00311   0.11071
   0.00312   0.10414
   0.00313   0.09716
   0.00314   0.08980
   0.00315   0.08209
   0.00316   0.07405
   0.00317   0.06572
   0.00318   0.05713
   0.00319   0.04832
   0.00320   0.03932
   0.00321   0.03016
   0.00322   0.02089
   0.00323   0.01153
   0.00324   0.00213
   0.00325  -0.00728
   0.00326  -0.01666
   0.00327  -0.02598
   0.00328  -0.03519
   0.00329  -0.04426
   0.00330  -0.05315
   0.00331  -0.06184
   0.00332  -0.07028
   0.00333  -0.07844
   0.00334  -0.08629
   0.00335  -0.09380
   0.00336  -0.10094
   0.00337  -0.10768
   0.00338  -0.11400
   0.00339  -0.11986
   0.00340  -0.12525
   0.00341  -0.13015
   0.00342  -0.13453
   0.00343  -0.13838
   0.00344  -0.14168
   0.00345  -0.14442
   0.00346  -0.14660
   0.00347  -0.14819
   0.00348  -0.14920
   0.00349  -0.14961
   0.00350  -0.14944
   0.00351  -0.14868
   0.00352  -0.14733
   0.00353  -0.14539
   0.00354  -0.14288
   0.00355  -0.13981
   0.00356  -0.13619
   0.00357  -0.13202
   0.00358  -0.12734
   0.00359  -0.12215
   0.00360  -0.11648
   0.00361  -0.11034
   0.00362  -0.10378
   0.00363  -0.09680
   0.00364  -0.08944
   0.00365  -0.08172
   0.00366  -0.07368
   0.00367  -0.06535
   0.00368  -0.05677
   0.00369  -0.04795
   0.00370  -0.03895
   0.00371  -0.02979
   0.00372  -0.02052
   0.00373  -0.01116
   0.00374  -0.00176
   0.00375   0.00765
   0.00376   0.01704
   0.00377   0.02635
   0.00378   0.03556
   0.00379   0.04463
   0.00380   0.05353
   0.00381   0.06221
   0.00382   0.07065
   0.00383   0.07882
   0.00384   0.08667
   0.00385   0.09418
   0.00386   0.10132
   0.00387   0.10806
   0.00388   0.11438
   0.00389   0.12024
   0.00390   0.12563
   0.00391   0.13053
   0.00392   0.13491
   0.00393   0.13876
   0.00394   0.14207
   0.00395   0.14481
   0.00396   0.14698
   0.00397   0.14857
   0.00398   0.14958
   0.00399   0.15000
   0.00400   0.14983
   0.00401   0.14906
   0.00402   0.14771
   0.00403   0.14578
   0.00404   0.14327
   0.00405   0.14020
   0.00406   0.13658
   0.00407   0.13241
   0.00408   0.12773
   0.00409   0.12254
   0.00410   0.11687
   0.00411   0.11074
   0.00412   0.10417
   0.00413   0.09719
   0.00414   0.08983
   0.00415   0.08212
   0.00416   0.07408
   0.00417   0.06575
   0.00418   0.05716
   0.00419   0.04835
   0.00420   0.03935
   0.00421   0.03019
   0.00422   0.02091
   0.00423   0.01156
   0.00424   0.00215
   0.00425  -0.00726
   0.00426  -0.01664
   0.00427  -0.02595
   0.00428  -0.03516
   0.00429  -0.04423
   0.00430  -0.05313
   0.00431  -0.06181
   0.00432  -0.07025
   0.00433  -0.07842
   0.00434  -0.08627
   0.00435  -0.09378
   0.00436  -0.10092
   0.00437  -0.10766
   0.00438  -0.11397
   0.00439  -0.11984
   0.00440  -0.12523
   0.00441  -0.13013
   0.00442  -0.13451
   0.00443  -0.13836
   0.00444  -0.14166
   0.00445  -0.14440
   0.00446  -0.14658
   0.00447  -0.14817
   0.00448  -0.14918
   0.00449  -0.14959
   0.00450  -0.14942
   0.00451  -0.14866
   0.00452  -0.14731
   0.00453  -0.14537
   0.00454  -0.14286
   0.00455  -0.13979
   0.00456  -0.13617
   0.00457  -0.13200
   0.00458  -0.12732
   0.00459  -0.12213
   0.00460  -0.11646
   0.00461  -0.11033
   0.00462  -0.10376
   0.00463  -0.09678
   0.00464  -0.08942
   0.00465  -0.08170
   0.00466  -0.07367
   0.00467  -0.06534
   0.00468  -0.05675
   0.00469  -0.04794
   0.00470  -0.03893
   0.00471  -0.02978
   0.00472  -0.02050
   0.00473  -0.01114
   0.00474  -0.00174
   0.00475   0.00767
   0.00476   0.01705
   0.00477   0.02636
   0.00478   0.03558
   0.00479   0.04465
   0.00480   0.05354
   0.00481   0.06223
   0.00482   0.07067
   0.00483   0.07883
   0.00484   0.08668
   0.00485   0.09419
   0.00486   0.10133
   0.00487   0.10808
   0.00488   0.11439
   0.00489   0.12026
   0.00490   0.12565
   0.00491   0.13054
   0.00492   0.13492
   0.00493   0.13877
   0.00494   0.14208
   0.00495   0.14482
   0.00496   0.14699
   0.00497   0.14859
   0.00498   0.14959
   0.00499   0.15001
   0.00500   0.14984
   0.00501   0.14907
   0.00502   0.14772
   0.00503   0.14579
   0.00504   0.14328
   0.00505   0.14021
   0.00506   0.13658
   0.00507   0.13242
   0.00508   0.12774
   0.00509   0.12255
   0.00510   0.11688
   0.00511   0.11074
   0.00512   0.10418
   0.00513   0.09720
   0.00514   0.08984
   0.00515   0.08212
   0.00516   0.07409
   0.00517   0.06576
   0.00518   0.05717
   0.00519   0.04835
   0.00520   0.03935
   0.00521   0.03019
   0.00522   0.02092
   0.00523   0.01156
   0.00524   0.00216
   0.00525  -0.00725
   0.00526  -0.01663
   0.00527  -0.02595
   0.00528  -0.03516
   0.00529  -0.04423
   0.00530  -0.05312
   0.00531  -0.06181
   0.00532  -0.07025
   0.00533  -0.07841
   0.00534  -0.08626
   0.00535  -0.09378
   0.00536  -0.10092
   0.00537  -0.10766
   0.00538  -0.11397
   0.00539  -0.11984
   0.00540  -0.12523
   0.00541  -0.13012
   0.00542  -0.13451
   0.00543  -0.13836
   0.00544  -0.14166
   0.00545  -0.14440
   0.00546  -0.14657
   0.00547  -0.14817
   0.00548  -0.14918
   0.00549  -0.14959
   0.00550  -0.14942
   0.00551  -0.14866
   0.00552  -0.14731
   0.00553  -0.14537
   0.00554  -0.14286
   0.00555  -0.13979
   0.00556  -0.13617
   0.00557  -0.13200
   0.00558  -0.12732
   0.00559  -0.12213
   0.00560  -0.11646
   0.00561  -0.11033
   0.00562  -0.10376
   0.00563  -0.09678
   0.00564  -0.08942
   0.00565  -0.08171
   0.00566  -0.07367
   0.00567  -0.06534
   0.00568  -0.05675
   0.00569  -0.04794
   0.00570  -0.03894
   0.00571  -0.02978
   0.00572  -0.02050
   0.00573  -0.01115
   0.00574  -0.00174
   0.00575   0.00766
   0.00576   0.01705
   0.00577   0.02636
   0.00578   0.03557
   0.00579   0.04464
   0.00580   0.05354
   0.00581   0.06222
   0.00582   0.07066
   0.00583   0.07882
   0.00584   0.08668
   0.00585   0.09419
   0.00586   0.10133
   0.00587   0.10807
   0.00588   0.11438
   0.00589   0.12025
   0.00590   0.12564
   0.00591   0.13053
   0.00592   0.13492
   0.00593   0.13877
   0.00594   0.14207
   0.00595   0.14481
   0.00596   0.14698
   0.00597   0.14858
   0.00598   0.14958
   0.00599   0.15000
   0.00600   0.14983
   0.00601   0.14906
   0.00602   0.14771
   0.00603   0.14578
   0.00604   0.14327
   0.00605   0.14020
   0.00606   0.13657
   0.00607   0.13241
   0.00608   0.12772
   0.00609   0.12254
   0.00610   0.11686
   0.00611   0.11073
   0.00612   0.10416
   0.00613   0.09719
   0.00614   0.08982
   0.00615   0.08211
   0.00616   0.07407
   0.00617   0.06574
   0.00618   0.05715
   0.00619   0.04834
   0.00620   0.03934
   0.00621   0.03018
   0.00622   0.02090
   0.00623   0.01155
   0.00624   0.00214
   0.00625  -0.00727
   0.00626  -0.01665
   0.00627  -0.02596
   0.00628  -0.03517
   0.00629  -0.04424
   0.00630  -0.05314
   0.00631  -0.06183
   0.00632  -0.07027
   0.00633  -0.07843
   0.00634  -0.08628
   0.00635  -0.09379
   0.00636  -0.10093
   0.00637  -0.10767
   0.00638  -0.11399
   0.00639  -0.11986
   0.00640  -0.12525
   0.00641  -0.13014
   0.00642  -0.13452
   0.00643  -0.13837
   0.00644  -0.14168
   0.00645  -0.14442
   0.00646  -0.14659
   0.00647  -0.14819
   0.00648  -0.14920
   0.00649  -0.14961
   0.00650  -0.14944
   0.00651  -0.14868
   0.00652  -0.14733
   0.00653  -0.14539
   0.00654  -0.14289
   0.00655  -0.13981
   0.00656  -0.13619
   0.00657  -0.13203
   0.00658  -0.12734
   0.00659  -0.12215
   0.00660  -0.11648
   0.00661  -0.11035
   0.00662  -0.10378
   0.00663  -0.09681
   0.00664  -0.08945
   0.00665  -0.08173
   0.00666  -0.07369
   0.00667  -0.06536
   0.00668  -0.05678
   0.00669  -0.04796
   0.00670  -0.03896
   0.00671  -0.02980
   0.00672  -0.02053
   0.00673  -0.01117
   0.00674  -0.00177
   0.00675   0.00764
   0.00676   0.01702
   0.00677   0.02633
   0.00678   0.03554
   0.00679   0.04461
   0.00680   0.05351
   0.00681   0.06220
   0.00682   0.07064
   0.00683   0.07880
   0.00684   0.08665
   0.00685   0.09416
   0.00686   0.10130
   0.00687   0.10804
   0.00688   0.11436
   0.00689   0.12022
   0.00690   0.12561
   0.00691   0.13051
   0.00692   0.13489
   0.00693   0.13874
   0.00694   0.14204
   0.00695   0.14478
   0.00696   0.14695
   0.00697   0.14855
   0.00698   0.14955
   0.00699   0.14997
   0.00700   0.14980
   0.00701   0.14903
   0.00702   0.14768
   0.00703   0.14575
   0.00704   0.14324
   0.00705   0.14017
   0.00706   0.13654
   0.00707   0.13238
   0.00708   0.12769
   0.00709   0.12250
   0.00710   0.11683
   0.00711   0.11070
   0.00712   0.10413
   0.00713   0.09715
   0.00714   0.08979
   0.00715   0.08208
   0.00716   0.07404
   0.00717   0.06571
   0.00718   0.05712
   0.00719   0.04831
   0.00720   0.03930
   0.00721   0.03015
   0.00722   0.02087
   0.00723   0.01151
   0.00724   0.00211
   0.00725  -0.00730
   0.00726  -0.01668
   0.00727  -0.02600
   0.00728  -0.03521
   0.00729  -0.04428
   0.00730  -0.05318
   0.00731  -0.06186
   0.00732  -0.07030
   0.00733  -0.07847
   0.00734  -0.08632
   0.00735  -0.09383
   0.00736  -0.10097
   0.00737  -0.10771
   0.00738  -0.11403
   0.00739  -0.11989
   0.00740  -0.12528
   0.00741  -0.13018
   0.00742  -0.13456
   0.00743  -0.13841
   0.00744  -0.14172
   0.00745  -0.14446
   0.00746  -0.14663
   0.00747  -0.14823
   0.00748  -0.14923
   0.00749  -0.14965
   0.00750  -0.14948
   0.00751  -0.14872
   0.00752  -0.14737
   0.00753  -0.14543
   0.00754  -0.14293
   0.00755  -0.13985
   0.00756  -0.13623
   0.00757  -0.13207
   0.00758  -0.12738
   0.00759  -0.12219
   0.00760  -0.11652
   0.00761  -0.11039
   0.00762  -0.10382
   0.00763  -0.09685
   0.00764  -0.08949
   0.00765  -0.08177
   0.00766  -0.07373
   0.00767  -0.06541
   0.00768  -0.05682
   0.00769  -0.04801
   0.00770  -0.03900
   0.00771  -0.02985
   0.00772  -0.02057
   0.00773  -0.01121
   0.00774  -0.00181
   0.00775   0.00760
   0.00776   0.01698
   0.00777   0.02629
   0.00778   0.03550
   0.00779   0.04457
   0.00780   0.05347
   0.00781   0.06215
   0.00782   0.07059
   0.00783   0.07875
   0.00784   0.08661
   0.00785   0.09412
   0.00786   0.10126
   0.00787   0.10800
   0.00788   0.11431
   0.00789   0.12018
   0.00790   0.12557
   0.00791   0.13046
   0.00792   0.13484
   0.00793   0.13869
   0.00794   0.14199
   0.00795   0.14474
   0.00796   0.14691
   0.00797   0.14850
   0.00798   0.14951
   0.00799   0.14993
   0.00800   0.14975
   0.00801   0.14899
   0.00802   0.14764
   0.00803   0.14570
   0.00804   0.14319
   0.00805   0.14012
   0.00806   0.13649
   0.00807   0.13233
   0.00808   0.12765
   0.00809   0.12246
   0.00810   0.11678
   0.00811   0.11065
   0.00812   0.10408
   0.00813   0.09711
   0.00814   0.08974
   0.00815   0.08203
   0.00816   0.07399
   0.00817   0.06566
   0.00818   0.05707
   0.00819   0.04826
   0.00820   0.03925
   0.00821   0.03010
   0.00822   0.02082
   0.00823   0.01146
   0.00824   0.00206
   0.00825  -0.00735
   0.00826  -0.01673
   0.00827  -0.02605
   0.00828  -0.03526
   0.00829  -0.04433
   0.00830  -0.05323
   0.00831  -0.06191
   0.00832  -0.07035
   0.00833  -0.07852
   0.00834  -0.08637
   0.00835  -0.09388
   0.00836  -0.10102
   0.00837  -0.10776
   0.00838  -0.11408
   0.00839  -0.11994
   0.00840  -0.12534
   0.00841  -0.13023
   0.00842  -0.13461
   0.00843  -0.13846
   0.00844  -0.14177
   0.00845  -0.14451
   0.00846  -0.14668
   0.00847  -0.14828
   0.00848  -0.14929
   0.00849  -0.14971
   0.00850  -0.14953
   0.00851  -0.14877
   0.00852  -0.14742
   0.00853  -0.14549
   0.00854  -0.14298
   0.00855  -0.13991
   0.00856  -0.13628
   0.00857  -0.13212
   0.00858  -0.12744
   0.00859  -0.12225
   0.00860  -0.11658
   0.00861  -0.11045
   0.00862  -0.10388
   0.00863  -0.09690
   0.00864  -0.08954
   0.00865  -0.08183
   0.00866  -0.07379
   0.00867  -0.06546
   0.00868  -0.05687
   0.00869  -0.04806
   0.00870  -0.03906
   0.00871  -0.02990
   0.00872  -0.02063
   0.00873  -0.01127
   0.00874  -0.00187
   0.00875   0.00754
   0.00876   0.01692
   0.00877   0.02623
   0.00878   0.03544
   0.00879   0.04452
   0.00880   0.05341
   0.00881   0.06210
   0.00882   0.07054
   0.00883   0.07870
   0.00884   0.08655
   0.00885   0.09406
   0.00886   0.10120
   0.00887   0.10794
   0.00888   0.11425
   0.00889   0.12012
   0.00890   0.12551
   0.00891   0.13040
   0.00892   0.13478
   0.00893   0.13863
   0.00894   0.14194
   0.00895   0.14468
   0.00896   0.14685
   0.00897   0.14844
   0.00898   0.14945
   0.00899   0.14987
   0.00900   0.14969
   0.00901   0.14893
   0.00902   0.14758
   0.00903   0.14564
   0.00904   0.14313
   0.00905   0.14006
   0.00906   0.13644
   0.00907   0.13227
   0.00908   0.12759
   0.00909   0.12240
   0.00910   0.11673
   0.00911   0.11059
   0.00912   0.10402
   0.00913   0.09705
   0.00914   0.08968
   0.00915   0.08197
   0.00916   0.07393
   0.00917   0.06560
   0.00918   0.05701
   0.00919   0.04820
   0.00920   0.03919
   0.00921   0.03004
   0.00922   0.02076
   0.00923   0.01140
   0.00924   0.00200
   0.00925  -0.00741
   0.00926  -0.01679
   0.00927  -0.02611
   0.00928  -0.03532
   0.00929  -0.04439
   0.00930  -0.05329
   0.00931  -0.06197
   0.00932  -0.07041
   0.00933  -0.07858
   0.00934  -0.08643
   0.00935  -0.09394
   0.00936  -0.10108
   0.00937  -0.10782
   0.00938  -0.11414
   0.00939  -0.12001
   0.00940  -0.12540
   0.00941  -0.13029
   0.00942  -0.13468
   0.00943  -0.13853
   0.00944  -0.14183
   0.00945  -0.14457
   0.00946  -0.14675
   0.00947  -0.14834
   0.00948  -0.14935
   0.00949  -0.14977
   0.00950  -0.14960
   0.00951  -0.14883
   0.00952  -0.14748
   0.00953  -0.14555
   0.00954  -0.14304
   0.00955  -0.13997
   0.00956  -0.13635
   0.00957  -0.13218
   0.00958  -0.12750
   0.00959  -0.12231
   0.00960  -0.11664
   0.00961  -0.11051
   0.00962  -0.10394
   0.00963  -0.09696
   0.00964  -0.08960
   0.00965  -0.08189
   0.00966  -0.07385
   0.00967  -0.06552
   0.00968  -0.05694
   0.00969  -0.04812
   0.00970  -0.03912
   0.00971  -0.02997
   0.00972  -0.02069
   0.00973  -0.01133
   0.00974  -0.00193
   0.00975   0.00748
   0.00976   0.01686
   0.00977   0.02617
   0.00978   0.03538
   0.00979   0.04445
   0.00980   0.05335
   0.00981   0.06203
   0.00982   0.07047
   0.00983   0.07863
   0.00984   0.08648
   0.00985   0.09399
   0.00986   0.10113
   0.00987   0.10787
   0.00988   0.11419
   0.00989   0.12005
   0.00990   0.12544
   0.00991   0.13034
   0.00992   0.13472
   0.00993   0.13857
   0.00994   0.14187
   0.00995   0.14461
   0.00996   0.14679
   0.00997   0.14838
   0.00998   0.14938
   0.00999   0.14980
   0.01000   0.14963
   0.01001   0.14886
   0.01002   0.14751
   0.01003   0.14558
   0.01004   0.14307
   0.01005   0.14000
   0.01006   0.13637
   0.01007   0.13221
   0.01008   0.12752
   0.01009   0.12233
   0.01010   0.11666
   0.01011   0.11053
   0.01012   0.10396
   0.01013   0.09698
   0.01014   0.08962
   0.01015   0.08190
   0.01016   0.07386
   0.01017   0.06553
   0.01018   0.05695
   0.01019   0.04813
   0.01020   0.03913
   0.01021   0.02997
   0.01022   0.02069
   0.01023   0.01134
   0.01024   0.00193
   0.01025  -0.00748
   0.01026  -0.01686
   0.01027  -0.02617
   0.01028  -0.03538
   0.01029  -0.04446
   0.01030  -0.05335
   0.01031  -0.06204
   0.01032  -0.07048
   0.01033  -0.07864
   0.01034  -0.08650
   0.01035  -0.09401
   0.01036  -0.10115
   0.01037  -0.10789
   0.01038  -0.11421
   0.01039  -0.12007
   0.01040  -0.12546
   0.01041  -0.13036
   0.01042  -0.13474
   0.01043  -0.13859
   0.01044  -0.14190
   0.01045  -0.14464
   0.01046  -0.14681
   0.01047  -0.14841
   0.01048  -0.14941
   0.01049  -0.14983
   0.01050  -0.14966
   0.01051  -0.14890
   0.01052  -0.14755
   0.01053  -0.14561
   0.01054  -0.14311
   0.01055  -0.14004
   0.01056  -0.13641
   0.01057  -0.13225
   0.01058  -0.12756
   0.01059  -0.12238
   0.01060  -0.11671
   0.01061  -0.11057
   0.01062  -0.10401
   0.01063  -0.09703
   0.01064  -0.08967
   0.01065  -0.08196
   0.01066  -0.07392
   0.01067  -0.06559
   0.01068  -0.05700
   0.01069  -0.04819
   0.01070  -0.03919
   0.01071  -0.03003
   0.01072  -0.02076
   0.01073  -0.01140
   0.01074  -0.00200
   0.01075   0.00741
   0.01076   0.01679
   0.01077   0.02610
   0.01078   0.03531
   0.01079   0.04439
   0.01080   0.05328
   0.01081   0.06197
   0.01082   0.07041
   0.01083   0.07857
   0.01084   0.08642
   0.01085   0.09393
   0.01086   0.10107
   0.01087   0.10781
   0.01088   0.11412
   0.01089   0.11999
   0.01090   0.12538
   0.01091   0.13027
   0.01092   0.13465
   0.01093   0.13850
   0.01094   0.14181
   0.01095   0.14455
   0.01096   0.14672
   0.01097   0.14831
   0.01098   0.14932
   0.01099   0.14974
   0.01100   0.14956
   0.01101   0.14880
   0.01102   0.14745
   0.01103   0.14551
   0.01104   0.14300
   0.01105   0.13993
   0.01106   0.13631
   0.01107   0.13214
   0.01108   0.12746
   0.01109   0.12227
   0.01110   0.11660
   0.01111   0.11046
   0.01112   0.10389
   0.01113   0.09692
   0.01114   0.08955
   0.01115   0.08184
   0.01116   0.07380
   0.01117   0.06547
   0.01118   0.05688
   0.01119   0.04807
   0.01120   0.03906
   0.01121   0.02991
   0.01122   0.02063
   0.01123   0.01127
   0.01124   0.00187
   0.01125  -0.00754
   0.01126  -0.01692
   0.01127  -0.02624
   0.01128  -0.03545
   0.01129  -0.04452
   0.01130  -0.05342
   0.01131  -0.06210
   0.01132  -0.07054
   0.01133  -0.07871
   0.01134  -0.08656
   0.01135  -0.09407
   0.01136  -0.10121
   0.01137  -0.10795
   0.01138  -0.11427
   0.01139  -0.12013
   0.01140  -0.12553
   0.01141  -0.13042
   0.01142  -0.13480
   0.01143  -0.13866
   0.01144  -0.14196
   0.01145  -0.14470
   0.01146  -0.14688
   0.01147  -0.14847
   0.01148  -0.14948
   0.01149  -0.14990
   0.01150  -0.14972
   0.01151  -0.14896
   0.01152  -0.14761
   0.01153  -0.14568
   0.01154  -0.14317
   0.01155  -0.14010
   0.01156  -0.13647
   0.01157  -0.13231
   0.01158  -0.12763
   0.01159  -0.12244
   0.01160  -0.11677
   0.01161  -0.11064
   0.01162  -0.10407
   0.01163  -0.09709
   0.01164  -0.08973
   0.01165  -0.08202
   0.01166  -0.07398
   0.01167  -0.06565
   0.01168  -0.05706
   0.01169  -0.04825
   0.01170  -0.03925
   0.01171  -0.03009
   0.01172  -0.02082
   0.01173  -0.01146
   0.01174  -0.00206
   0.01175   0.00735
   0.01176   0.01673
   0.01177   0.02604
   0.01178   0.03525
   0.01179   0.04433
   0.01180   0.05322
   0.01181   0.06191
   0.01182   0.07035
   0.01183   0.07851
   0.01184   0.08636
   0.01185   0.09387
   0.01186   0.10101
   0.01187   0.10775
   0.01188   0.11406
   0.01189   0.11993
   0.01190   0.12532
   0.01191   0.13021
   0.01192   0.13459
   0.01193   0.13844
   0.01194   0.14175
   0.01195   0.14449
   0.01196   0.14666
   0.01197   0.14825
   0.01198   0.14926
   0.01199   0.14968
   0.01200   0.14950
   0.01201   0.14874
   0.01202   0.14739
   0.01203   0.14545
   0.01204   0.14295
   0.01205   0.13987
   0.01206   0.13625
   0.01207   0.13208
   0.01208   0.12740
   0.01209   0.12221
   0.01210   0.11654
   0.01211   0.11041
   0.01212   0.10384
   0.01213   0.09686
   0.01214   0.08950
   0.01215   0.08178
   0.01216   0.07374
   0.01217   0.06541
   0.01218   0.05682
   0.01219   0.04801
   0.01220   0.03901
   0.01221   0.02985
   0.01222   0.02057
   0.01223   0.01122
   0.01224   0.00181
   0.01225  -0.00760
   0.01226  -0.01698
   0.01227  -0.02629
   0.01228  -0.03550
   0.01229  -0.04458
   0.01230  -0.05347
   0.01231  -0.06216
   0.01232  -0.07060
   0.01233  -0.07876
   0.01234  -0.08661
   0.01235  -0.09413
   0.01236  -0.10127
   0.01237  -0.10801
   0.01238  -0.11432
   0.01239  -0.12019
   0.01240  -0.12558
   0.01241  -0.13048
   0.01242  -0.13486
   0.01243  -0.13871
   0.01244  -0.14201
   0.01245  -0.14476
   0.01246  -0.14693
   0.01247  -0.14852
   0.01248  -0.14953
   0.01249  -0.14995
   0.01250  -0.14978
   0.01251  -0.14901
   0.01252  -0.14766
   0.01253  -0.14573
   0.01254  -0.14322
   0.01255  -0.14015
   0.01256  -0.13653
   0.01257  -0.13236
   0.01258  -0.12768
   0.01259  -0.12249
   0.01260  -0.11682
   0.01261  -0.11069
   0.01262  -0.10412
   0.01263  -0.09714
   0.01264  -0.08978
   0.01265  -0.08207
   0.01266  -0.07403
   0.01267  -0.06570
   0.01268  -0.05711
   0.01269  -0.04830
   0.01270  -0.03930
   0.01271  -0.03014
   0.01272  -0.02087
   0.01273  -0.01151
   0.01274  -0.00211
   0.01275   0.00730
   0.01276   0.01668
   0.01277   0.02599
   0.01278   0.03520
   0.01279   0.04428
   0.01280   0.05317
   0.01281   0.06186
   0.01282   0.07030
   0.01283   0.07846
   0.01284   0.08631
   0.01285   0.09382
   0.01286   0.10096
   0.01287   0.10770
   0.01288   0.11402
   0.01289   0.11988
   0.01290   0.12527
   0.01291   0.13017
   0.01292   0.13455
   0.01293   0.13840
   0.01294   0.14170
   0.01295   0.14444
   0.01296   0.14661
   0.01297   0.14821
   0.01298   0.14921
   0.01299   0.14963
   0.01300   0.14946
   0.01301   0.14869
   0.01302   0.14734
   0.01303   0.14541
   0.01304   0.14290
   0.01305   0.13983
   0.01306   0.13620
   0.01307   0.13204
   0.01308   0.12735
   0.01309   0.12216
   0.01310   0.11649
   0.01311   0.11036
   0.01312   0.10379
   0.01313   0.09681
   0.01314   0.08945
   0.01315   0.08174
   0.01316   0.07370
   0.01317   0.06537
   0.01318   0.05678
   0.01319   0.04797
   0.01320   0.03896
   0.01321   0.02981
   0.01322   0.02053
   0.01323   0.01117
   0.01324   0.00177
   0.01325  -0.00764
   0.01326  -0.01702
   0.01327  -0.02634
   0.01328  -0.03555
   0.01329  -0.04462
   0.01330  -0.05351
   0.01331  -0.06220
   0.01332  -0.07064
   0.01333  -0.07880
   0.01334  -0.08666
   0.01335  -0.09417
   0.01336  -0.10131
   0.01337  -0.10805
   0.01338  -0.11436
   0.01339  -0.12023
   0.01340  -0.12562
   0.01341  -0.13052
   0.01342  -0.13490
   0.01343  -0.13875
   0.01344  -0.14205
   0.01345  -0.14480
   0.01346  -0.14697
   0.01347  -0.14856
   0.01348  -0.14957
   0.01349  -0.14999
   0.01350  -0.14982
   0.01351  -0.14905
   0.01352  -0.14770
   0.01353  -0.14577
   0.01354  -0.14326
   0.01355  -0.14019
   0.01356  -0.13656
   0.01357  -0.13240
   0.01358  -0.12772
   0.01359  -0.12253
   0.01360  -0.11686
   0.01361  -0.11073
   0.01362  -0.10416
   0.01363  -0.09718
   0.01364  -0.08982
   0.01365  -0.08211
   0.01366  -0.07407
   0.01367  -0.06574
   0.01368  -0.05715
   0.01369  -0.04834
   0.01370  -0.03934
   0.01371  -0.03018
   0.01372  -0.02090
   0.01373  -0.01155
   0.01374  -0.00214
   0.01375   0.00727
   0.01376   0.01665
   0.01377   0.02596
   0.01378   0.03517
   0.01379   0.04424
   0.01380   0.05314
   0.01381   0.06182
   0.01382   0.07026
   0.01383   0.07843
   0.01384   0.08628
   0.01385   0.09379
   0.01386   0.10093
   0.01387   0.10767
   0.01388   0.11398
   0.01389   0.11985
   0.01390   0.12524
   0.01391   0.13013
   0.01392   0.13452
   0.01393   0.13837
   0.01394   0.14167
   0.01395   0.14441
   0.01396   0.14658
   0.01397   0.14818
   0.01398   0.14918
   0.01399   0.14960
   0.01400   0.14943
   0.01401   0.14866
   0.01402   0.14731
   0.01403   0.14538
   0.01404   0.14287
   0.01405   0.13980
   0.01406   0.13617
   0.01407   0.13201
   0.01408   0.12732
   0.01409   0.12214
   0.01410   0.11646
   0.01411   0.11033
   0.01412   0.10376
   0.01413   0.09679
   0.01414   0.08943
   0.01415   0.08171
   0.01416   0.07367
   0.01417   0.06534
   0.01418   0.05675
   0.01419   0.04794
   0.01420   0.03894
   0.01421   0.02978
   0.01422   0.02051
   0.01423   0.01115
   0.01424   0.00175
   0.01425  -0.00766
   0.01426  -0.01705
   0.01427  -0.02636
   0.01428  -0.03557
   0.01429  -0.04464
   0.01430  -0.05354
   0.01431  -0.06222
   0.01432  -0.07066
   0.01433  -0.07883
   0.01434  -0.08668
   0.01435  -0.09419
   0.01436  -0.10133
   0.01437  -0.10807
   0.01438  -0.11439
   0.01439  -0.12025
   0.01440  -0.12564
   0.01441  -0.13054
   0.01442  -0.13492
   0.01443  -0.13877
   0.01444  -0.14207
   0.01445  -0.14482
   0.01446  -0.14699
   0.01447  -0.14858
   0.01448  -0.14959
   0.01449  -0.15001
   0.01450  -0.14984
   0.01451  -0.14907
   0.01452  -0.14772
   0.01453  -0.14579
   0.01454  -0.14328
   0.01455  -0.14021
   0.01456  -0.13658
   0.01457  -0.13242
   0.01458  -0.12773
   0.01459  -0.12255
   0.01460  -0.11687
   0.01461  -0.11074
   0.01462  -0.10418
   0.01463  -0.09720
   0.01464  -0.08984
   0.01465  -0.08212
   0.01466  -0.07408
   0.01467  -0.06576
   0.01468  -0.05717
   0.01469  -0.04835
   0.01470  -0.03935
   0.01471  -0.03019
   0.01472  -0.02092
   0.01473  -0.01156
   0.01474  -0.00216
   0.01475   0.00725
   0.01476   0.01663
   0.01477   0.02595
   0.01478   0.03516
   0.01479   0.04423
   0.01480   0.05312
   0.01481   0.06181
   0.01482   0.07025
   0.01483   0.07841
   0.01484   0.08626
   0.01485   0.09377
   0.01486   0.10091
   0.01487   0.10766
   0.01488   0.11397
   0.01489   0.11984
   0.01490   0.12523
   0.01491   0.13012
   0.01492   0.13450
   0.01493   0.13835
   0.01494   0.14166
   0.01495   0.14440
   0.01496   0.14657
   0.01497   0.14817
   0.01498   0.14917
   0.01499   0.14959
   0.01500   0.14942
   0.01501   0.14865
   0.01502   0.14730
   0.01503   0.14537
   0.01504   0.14286
   0.01505   0.13979
   0.01506   0.13616
   0.01507   0.13200
   0.01508   0.12732
   0.01509   0.12213
   0.01510   0.11646
   0.01511   0.11032
   0.01512   0.10376
   0.01513   0.09678
   0.01514   0.08942
   0.01515   0.08170
   0.01516   0.07367
   0.01517   0.06534
   0.01518   0.05675
   0.01519   0.04794
   0.01520   0.03893
   0.01521   0.02978
   0.01522   0.02050
   0.01523   0.01114
   0.01524   0.00174
   0.01525  -0.00767
   0.01526  -0.01705
   0.01527  -0.02636
   0.01528  -0.03558
   0.01529  -0.04465
   0.01530  -0.05354
   0.01531  -0.06223
   0.01532  -0.07067
   0.01533  -0.07883
   0.01534  -0.08668
   0.01535  -0.09419
   0.01536  -0.10133
   0.01537  -0.10807
   0.01538  -0.11439
   0.01539  -0.12025
   0.01540  -0.12565
   0.01541  -0.13054
   0.01542  -0.13492
   0.01543  -0.13877
   0.01544  -0.14208
   0.01545  -0.14482
   0.01546  -0.14699
   0.01547  -0.14858
   0.01548  -0.14959
   0.01549  -0.15001
   0.01550  -0.14984
   0.01551  -0.14907
   0.01552  -0.14772
   0.01553  -0.14579
   0.01554  -0.14328
   0.01555  -0.14021
   0.01556  -0.13658
   0.01557  -0.13242
   0.01558  -0.12773
   0.01559  -0.12254
   0.01560  -0.11687
   0.01561  -0.11074
   0.01562  -0.10417
   0.01563  -0.09720
   0.01564  -0.08983
   0.01565  -0.08212
   0.01566  -0.07408
   0.01567  -0.06575
   0.01568  -0.05716
   0.01569  -0.04835
   0.01570  -0.03935
   0.01571  -0.03019
   0.01572  -0.02091
   0.01573  -0.01156
   0.01574  -0.00215
   0.01575   0.00726
   0.01576   0.01664
   0.01577   0.02595
   0.01578   0.03516
   0.01579   0.04423
   0.01580   0.05313
   0.01581   0.06181
   0.01582   0.07026
   0.01583   0.07842
   0.01584   0.08627
   0.01585   0.09378
   0.01586   0.10092
   0.01587   0.10766
   0.01588   0.11398
   0.01589   0.11984
   0.01590   0.12523
   0.01591   0.13013
   0.01592   0.13451
   0.01593   0.13836
   0.01594   0.14167
   0.01595   0.14441
   0.01596   0.14658
   0.01597   0.14818
   0.01598   0.14918
   0.01599   0.14960
   0.01600   0.14943
   0.01601   0.14866
   0.01602   0.14731
   0.01603   0.14538
   0.01604   0.14287
   0.01605   0.13980
   0.01606   0.13618
   0.01607   0.13201
   0.01608   0.12733
   0.01609   0.12214
   0.01610   0.11647
   0.01611   0.11034
   0.01612   0.10377
   0.01613   0.09679
   0.01614   0.08943
   0.01615   0.08172
   0.01616   0.07368
   0.01617   0.06535
   0.01618   0.05676
   0.01619   0.04795
   0.01620   0.03895
   0.01621   0.02979
   0.01622   0.02051
   0.01623   0.01116
   0.01624   0.00175
   0.01625  -0.00765
   0.01626  -0.01703
   0.01627  -0.02635
   0.01628  -0.03556
   0.01629  -0.04463
   0.01630  -0.05353
   0.01631  -0.06221
   0.01632  -0.07065
   0.01633  -0.07881
   0.01634  -0.08667
   0.01635  -0.09418
   0.01636  -0.10132
   0.01637  -0.10806
   0.01638  -0.11437
   0.01639  -0.12024
   0.01640  -0.12563
   0.01641  -0.13052
   0.01642  -0.13490
   0.01643  -0.13875
   0.01644  -0.14206
   0.01645  -0.14480
   0.01646  -0.14697
   0.01647  -0.14856
   0.01648  -0.14957
   0.01649  -0.14999
   0.01650  -0.14982
   0.01651  -0.14905
   0.01652  -0.14770
   0.01653  -0.14577
   0.01654  -0.14326
   0.01655  -0.14019
   0.01656  -0.13656
   0.01657  -0.13240
   0.01658  -0.12771
   0.01659  -0.12252
   0.01660  -0.11685
   0.01661  -0.11072
   0.01662  -0.10415
   0.01663  -0.09717
   0.01664  -0.08981
   0.01665  -0.08210
   0.01666  -0.07406
   0.01667  -0.06573
   0.01668  -0.05714
   0.01669  -0.04833
   0.01670  -0.03932
   0.01671  -0.03017
   0.01672  -0.02089
   0.01673  -0.01153
   0.01674  -0.00213
   0.01675   0.00728
   0.01676   0.01666
   0.01677   0.02598
   0.01678   0.03519
   0.01679   0.04426
   0.01680   0.05316
   0.01681   0.06184
   0.01682   0.07028
   0.01683   0.07845
   0.01684   0.08630
   0.01685   0.09381
   0.01686   0.10095
   0.01687   0.10769
   0.01688   0.11401
   0.01689   0.11987
   0.01690   0.12526
   0.01691   0.13016
   0.01692   0.13454
   0.01693   0.13839
   0.01694   0.14169
   0.01695   0.14444
   0.01696   0.14661
   0.01697   0.14820
   0.01698   0.14921
   0.01699   0.14963
   0.01700   0.14946
   0.01701   0.14869
   0.01702   0.14734
   0.01703   0.14541
   0.01704   0.14290
   0.01705   0.13983
   0.01706   0.13621
   0.01707   0.13204
   0.01708   0.12736
   0.01709   0.12217
   0.01710   0.11650
   0.01711   0.11037
   0.01712   0.10380
   0.01713   0.09682
   0.01714   0.08946
   0.01715   0.08175
   0.01716   0.07371
   0.01717   0.06538
   0.01718   0.05680
   0.01719   0.04798
   0.01720   0.03898
   0.01721   0.02982
   0.01722   0.02055
   0.01723   0.01119
   0.01724   0.00179
   0.01725  -0.00762
   0.01726  -0.01700
   0.01727  -0.02631
   0.01728  -0.03552
   0.01729  -0.04460
   0.01730  -0.05349
   0.01731  -0.06218
   0.01732  -0.07062
   0.01733  -0.07878
   0.01734  -0.08663
   0.01735  -0.09414
   0.01736  -0.10128
   0.01737  -0.10802
   0.01738  -0.11434
   0.01739  -0.12020
   0.01740  -0.12559
   0.01741  -0.13049
   0.01742  -0.13487
   0.01743  -0.13872
   0.01744  -0.14202
   0.01745  -0.14476
   0.01746  -0.14693
   0.01747  -0.14853
   0.01748  -0.14953
   0.01749  -0.14995
   0.01750  -0.14978
   0.01751  -0.14901
   0.01752  -0.14766
   0.01753  -0.14573
   0.01754  -0.14322
   0.01755  -0.14015
   0.01756  -0.13652
   0.01757  -0.13236
   0.01758  -0.12767
   0.01759  -0.12248
   0.01760  -0.11681
   0.01761  -0.11068
   0.01762  -0.10411
   0.01763  -0.09713
   0.01764  -0.08977
   0.01765  -0.08205
   0.01766  -0.07402
   0.01767  -0.06569
   0.01768  -0.05710
   0.01769  -0.04828
   0.01770  -0.03928
   0.01771  -0.03012
   0.01772  -0.02085
   0.01773  -0.01149
   0.01774  -0.00209
   0.01775   0.00732
   0.01776   0.01671
   0.01777   0.02602
   0.01778   0.03523
   0.01779   0.04430
   0.01780   0.05320
   0.01781   0.06188
   0.01782   0.07033
   0.01783   0.07849
   0.01784   0.08634
   0.01785   0.09385
   0.01786   0.10099
   0.01787   0.10774
   0.01788   0.11405
   0.01789   0.11992
   0.01790   0.12531
   0.01791   0.13020
   0.01792   0.13459
   0.01793   0.13844
   0.01794   0.14174
   0.01795   0.14448
   0.01796   0.14666
   0.01797   0.14825
   0.01798   0.14926
   0.01799   0.14968
   0.01800   0.14950
   0.01801   0.14874
   0.01802   0.14739
   0.01803   0.14546
   0.01804   0.14295
   0.01805   0.13988
   0.01806   0.13625
   0.01807   0.13209
   0.01808   0.12741
   0.01809   0.12222
   0.01810   0.11655
   0.01811   0.11042
   0.01812   0.10385
   0.01813   0.09687
   0.01814   0.08951
   0.01815   0.08180
   0.01816   0.07376
   0.01817   0.06543
   0.01818   0.05684
   0.01819   0.04803
   0.01820   0.03903
   0.01821   0.02987
   0.01822   0.02060
   0.01823   0.01124
   0.01824   0.00184
   0.01825  -0.00757
   0.01826  -0.01695
   0.01827  -0.02626
   0.01828  -0.03547
   0.01829  -0.04454
   0.01830  -0.05344
   0.01831  -0.06212
   0.01832  -0.07056
   0.01833  -0.07873
   0.01834  -0.08658
   0.01835  -0.09409
   0.01836  -0.10123
   0.01837  -0.10797
   0.01838  -0.11428
   0.01839  -0.12015
   0.01840  -0.12554
   0.01841  -0.13043
   0.01842  -0.13481
   0.01843  -0.13866
   0.01844  -0.14197
   0.01845  -0.14471
   0.01846  -0.14688
   0.01847  -0.14847
   0.01848  -0.14948
   0.01849  -0.14990
   0.01850  -0.14972
   0.01851  -0.14896
   0.01852  -0.14761
   0.01853  -0.14567
   0.01854  -0.14316
   0.01855  -0.14009
   0.01856  -0.13647
   0.01857  -0.13230
   0.01858  -0.12762
   0.01859  -0.12243
   0.01860  -0.11676
   0.01861  -0.11062
   0.01862  -0.10406
   0.01863  -0.09708
   0.01864  -0.08972
   0.01865  -0.08200
   0.01866  -0.07396
   0.01867  -0.06563
   0.01868  -0.05704
   0.01869  -0.04823
   0.01870  -0.03923
   0.01871  -0.03007
   0.01872  -0.02079
   0.01873  -0.01143
   0.01874  -0.00203
   0.01875   0.00738
   0.01876   0.01676
   0.01877   0.02608
   0.01878   0.03529
   0.01879   0.04436
   0.01880   0.05326
   0.01881   0.06194
   0.01882   0.07038
   0.01883   0.07855
   0.01884   0.08640
   0.01885   0.09391
   0.01886   0.10105
   0.01887   0.10779
   0.01888   0.11411
   0.01889   0.11997
   0.01890   0.12537
   0.01891   0.13026
   0.01892   0.13464
   0.01893   0.13849
   0.01894   0.14180
   0.01895   0.14454
   0.01896   0.14672
   0.01897   0.14831
   0.01898   0.14932
   0.01899   0.14974
   0.01900   0.14956
   0.01901   0.14880
   0.01902   0.14745
   0.01903   0.14552
   0.01904   0.14301
   0.01905   0.13994
   0.01906   0.13631
   0.01907   0.13215
   0.01908   0.12747
   0.01909   0.12228
   0.01910   0.11661
   0.01911   0.11048
   0.01912   0.10391
   0.01913   0.09693
   0.01914   0.08957
   0.01915   0.08186
   0.01916   0.07382
   0.01917   0.06549
   0.01918   0.05690
   0.01919   0.04809
   0.01920   0.03909
   0.01921   0.02993
   0.01922   0.02066
   0.01923   0.01130
   0.01924   0.00190
   0.01925  -0.00751
   0.01926  -0.01689
   0.01927  -0.02620
   0.01928  -0.03541
   0.01929  -0.04448
   0.01930  -0.05338
   0.01931  -0.06206
   0.01932  -0.07050
   0.01933  -0.07867
   0.01934  -0.08652
   0.01935  -0.09403
   0.01936  -0.10117
   0.01937  -0.10791
   0.01938  -0.11422
   0.01939  -0.12009
   0.01940  -0.12548
   0.01941  -0.13037
   0.01942  -0.13475
   0.01943  -0.13860
   0.01944  -0.14190
   0.01945  -0.14465
   0.01946  -0.14682
   0.01947  -0.14841
   0.01948  -0.14942
   0.01949  -0.14983
   0.01950  -0.14966
   0.01951  -0.14890
   0.01952  -0.14754
   0.01953  -0.14561
   0.01954  -0.14310
   0.01955  -0.14003
   0.01956  -0.13640
   0.01957  -0.13224
   0.01958  -0.12755
   0.01959  -0.12236
   0.01960  -0.11669
   0.01961  -0.11056
   0.01962  -0.10399
   0.01963  -0.09701
   0.01964  -0.08965
   0.01965  -0.08194
   0.01966  -0.07390
   0.01967  -0.06557
   0.01968  -0.05698
   0.01969  -0.04817
   0.01970  -0.03916
   0.01971  -0.03000
   0.01972  -0.02073
   0.01973  -0.01137
   0.01974  -0.00197
   0.01975   0.00744
   0.01976   0.01683
   0.01977   0.02614
   0.01978   0.03535
   0.01979   0.04442
   0.01980   0.05332
   0.01981   0.06201
   0.01982   0.07045
   0.01983   0.07861
   0.01984   0.08646
   0.01985   0.09397
   0.01986   0.10112
   0.01987   0.10786
   0.01988   0.11417
   0.01989   0.12004
   0.01990   0.12543
   0.01991   0.13033
   0.01992   0.13471
   0.01993   0.13856
   0.01994   0.14186
   0.01995   0.14461
   0.01996   0.14678
   0.01997   0.14837
   0.01998   0.14938
   0.01999   0.14980
   0.02000   0.14963
   0.02001   0.14887
   0.02002   0.14751
   0.02003   0.14558
   0.02004   0.14307
   0.02005   0.14000
   0.02006   0.13638
   0.02007   0.13222
   0.02008   0.12753
   0.02009   0.12234
   0.02010   0.11667
   0.02011   0.11054
   0.02012   0.10398
   0.02013   0.09700
   0.02014   0.08964
   0.02015   0.08192
   0.02016   0.07389
   0.02017   0.06556
   0.02018   0.05697
   0.02019   0.04816
   0.02020   0.03916
   0.02021   0.03000
   0.02022   0.02072
   0.02023   0.01137
   0.02024   0.00197
   0.02025  -0.00744
   0.02026  -0.01682
   0.02027  -0.02614
   0.02028  -0.03535
   0.02029  -0.04442
   0.02030  -0.05331
   0.02031  -0.06200
   0.02032  -0.07044
   0.02033  -0.07860
   0.02034  -0.08645
   0.02035  -0.09396
   0.02036  -0.10110
   0.02037  -0.10784
   0.02038  -0.11416
   0.02039  -0.12002
   0.02040  -0.12541
   0.02041  -0.13031
   0.02042  -0.13469
   0.02043  -0.13854
   0.02044  -0.14184
   0.02045  -0.14458
   0.02046  -0.14675
   0.02047  -0.14834
   0.02048  -0.14935
   0.02049  -0.14977
   0.02050  -0.14960
   0.02051  -0.14883
   0.02052  -0.14748
   0.02053  -0.14554
   0.02054  -0.14304
   0.02055  -0.13996
   0.02056  -0.13634
   0.02057  -0.13217
   0.02058  -0.12749
   0.02059  -0.12230
   0.02060  -0.11663
   0.02061  -0.11049
   0.02062  -0.10393
   0.02063  -0.09695
   0.02064  -0.08959
   0.02065  -0.08187
   0.02066  -0.07383
   0.02067  -0.06550
   0.02068  -0.05691
   0.02069  -0.04810
   0.02070  -0.03910
   0.02071  -0.02994
   0.02072  -0.02066
   0.02073  -0.01130
   0.02074  -0.00190
   0.02075   0.00751
   0.02076   0.01689
   0.02077   0.02621
   0.02078   0.03542
   0.02079   0.04449
   0.02080   0.05339
   0.02081   0.06207
   0.02082   0.07051
   0.02083   0.07868
   0.02084   0.08653
   0.02085   0.09404
   0.02086   0.10118
   0.02087   0.10792
   0.02088   0.11424
   0.02089   0.12010
   0.02090   0.12550
   0.02091   0.13039
   0.02092   0.13477
   0.02093   0.13862
   0.02094   0.14193
   0.02095   0.14467
   0.02096   0.14685
   0.02097   0.14844
   0.02098   0.14945
   0.02099   0.14987
   0.02100   0.14969
   0.02101   0.14893
   0.02102   0.14758
   0.02103   0.14565
   0.02104   0.14314
   0.02105   0.14007
   0.02106   0.13644
   0.02107   0.13228
   0.02108   0.12760
   0.02109   0.12241
   0.02110   0.11674
   0.02111   0.11061
   0.02112   0.10404
   0.02113   0.09706
   0.02114   0.08970
   0.02115   0.08199
   0.02116   0.07395
   0.02117   0.06562
   0.02118   0.05703
   0.02119   0.04822
   0.02120   0.03922
   0.02121   0.03006
   0.02122   0.02079
   0.02123   0.01143
   0.02124   0.00203
   0.02125  -0.00738
   0.02126  -0.01676
   0.02127  -0.02607
   0.02128  -0.03528
   0.02129  -0.04435
   0.02130  -0.05325
   0.02131  -0.06193
   0.02132  -0.07037
   0.02133  -0.07854
   0.02134  -0.08639
   0.02135  -0.09390
   0.02136  -0.10104
   0.02137  -0.10778
   0.02138  -0.11409
   0.02139  -0.11996
   0.02140  -0.12535
   0.02141  -0.13024
   0.02142  -0.13462
   0.02143  -0.13847
   0.02144  -0.14178
   0.02145  -0.14452
   0.02146  -0.14669
   0.02147  -0.14828
   0.02148  -0.14929
   0.02149  -0.14971
   0.02150  -0.14953
   0.02151  -0.14877
   0.02152  -0.14742
   0.02153  -0.14548
   0.02154  -0.14297
   0.02155  -0.13990
   0.02156  -0.13628
   0.02157  -0.13211
   0.02158  -0.12743
   0.02159  -0.12224
   0.02160  -0.11657
   0.02161  -0.11043
   0.02162  -0.10386
   0.02163  -0.09689
   0.02164  -0.08952
   0.02165  -0.08181
   0.02166  -0.07377
   0.02167  -0.06544
   0.02168  -0.05685
   0.02169  -0.04804
   0.02170  -0.03904
   0.02171  -0.02988
   0.02172  -0.02060
   0.02173  -0.01124
   0.02174  -0.00184
   0.02175   0.00757
   0.02176   0.01695
   0.02177   0.02627
   0.02178   0.03548
   0.02179   0.04455
   0.02180   0.05345
   0.02181   0.06213
   0.02182   0.07057
   0.02183   0.07874
   0.02184   0.08659
   0.02185   0.09410
   0.02186   0.10124
   0.02187   0.10798
   0.02188   0.11430
   0.02189   0.12016
   0.02190   0.12556
   0.02191   0.13045
   0.02192   0.13483
   0.02193   0.13868
   0.02194   0.14199
   0.02195   0.14473
   0.02196   0.14690
   0.02197   0.14850
   0.02198   0.14951
   0.02199   0.14992
   0.02200   0.14975
   0.02201   0.14899
   0.02202   0.14764
   0.02203   0.14570
   0.02204   0.14320
   0.02205   0.14013
   0.02206   0.13650
   0.02207   0.13234
   0.02208   0.12765
   0.02209   0.12247
   0.02210   0.11680
   0.02211   0.11066
   0.02212   0.10410
   0.02213   0.09712
   0.02214   0.08976
   0.02215   0.08204
   0.02216   0.07401
   0.02217   0.06568
   0.02218   0.05709
   0.02219   0.04828
   0.02220   0.03928
   0.02221   0.03012
   0.02222   0.02084
   0.02223   0.01149
   0.02224   0.00209
   0.02225  -0.00732
   0.02226  -0.01670
   0.02227  -0.02602
   0.02228  -0.03523
   0.02229  -0.04430
   0.02230  -0.05319
   0.02231  -0.06188
   0.02232  -0.07032
   0.02233  -0.07848
   0.02234  -0.08633
   0.02235  -0.09384
   0.02236  -0.10098
   0.02237  -0.10772
   0.02238  -0.11404
   0.02239  -0.11990
   0.02240  -0.12529
   0.02241  -0.13019
   0.02242  -0.13457
   0.02243  -0.13842
   0.02244  -0.14172
   0.02245  -0.14446
   0.02246  -0.14664
   0.02247  -0.14823
   0.02248  -0.14924
   0.02249  -0.14965
   0.02250  -0.14948
   0.02251  -0.14872
   0.02252  -0.14736
   0.02253  -0.14543
   0.02254  -0.14292
   0.02255  -0.13985
   0.02256  -0.13622
   0.02257  -0.13206
   0.02258  -0.12737
   0.02259  -0.12218
   0.02260  -0.11651
   0.02261  -0.11038
   0.02262  -0.10381
   0.02263  -0.09683
   0.02264  -0.08947
   0.02265  -0.08176
   0.02266  -0.07372
   0.02267  -0.06539
   0.02268  -0.05680
   0.02269  -0.04799
   0.02270  -0.03898
   0.02271  -0.02983
   0.02272  -0.02055
   0.02273  -0.01119
   0.02274  -0.00179
   0.02275   0.00762
   0.02276   0.01700
   0.02277   0.02632
   0.02278   0.03553
   0.02279   0.04460
   0.02280   0.05350
   0.02281   0.06218
   0.02282   0.07062
   0.02283   0.07878
   0.02284   0.08664
   0.02285   0.09415
   0.02286   0.10129
   0.02287   0.10803
   0.02288   0.11435
   0.02289   0.12021
   0.02290   0.12560
   0.02291   0.13050
   0.02292   0.13488
   0.02293   0.13873
   0.02294   0.14203
   0.02295   0.14478
   0.02296   0.14695
   0.02297   0.14854
   0.02298   0.14955
   0.02299   0.14997
   0.02300   0.14980
   0.02301   0.14903
   0.02302   0.14768
   0.02303   0.14575
   0.02304   0.14324
   0.02305   0.14017
   0.02306   0.13655
   0.02307   0.13238
   0.02308   0.12770
   0.02309   0.12251
   0.02310   0.11684
   0.02311   0.11071
   0.02312   0.10414
   0.02313   0.09716
   0.02314   0.08980
   0.02315   0.08209
   0.02316   0.07405
   0.02317   0.06572
   0.02318   0.05713
   0.02319   0.04832
   0.02320   0.03932
   0.02321   0.03016
   0.02322   0.02089
   0.02323   0.01153
   0.02324   0.00213
   0.02325  -0.00728
   0.02326  -0.01666
   0.02327  -0.02598
   0.02328  -0.03519
   0.02329  -0.04426
   0.02330  -0.05315
   0.02331  -0.06184
   0.02332  -0.07028
   0.02333  -0.07844
   0.02334  -0.08629
   0.02335  -0.09380
   0.02336  -0.10094
   0.02337  -0.10768
   0.02338  -0.11400
   0.02339  -0.11986
   0.02340  -0.12525
   0.02341  -0.13015
   0.02342  -0.13453
   0.02343  -0.13838
   0.02344  -0.14168
   0.02345  -0.14442
   0.02346  -0.14660
   0.02347  -0.14819
   0.02348  -0.14920
   0.02349  -0.14961
   0.02350  -0.14944
   0.02351  -0.14868
   0.02352  -0.14733
   0.02353  -0.14539
   0.02354  -0.14288
   0.02355  -0.13981
   0.02356  -0.13619
   0.02357  -0.13202
   0.02358  -0.12734
   0.02359  -0.12215
   0.02360  -0.11648
   0.02361  -0.11034
   0.02362  -0.10378
   0.02363  -0.09680
   0.02364  -0.08944
   0.02365  -0.08172
   0.02366  -0.07368
   0.02367  -0.06535
   0.02368  -0.05677
   0.02369  -0.04795
   0.02370  -0.03895
   0.02371  -0.02979
   0.02372  -0.02052
   0.02373  -0.01116
   0.02374  -0.00176
   0.02375   0.00765
   0.02376   0.01704
   0.02377   0.02635
   0.02378   0.03556
   0.02379   0.04463
   0.02380   0.05353
   0.02381   0.06221
   0.02382   0.07065
   0.02383   0.07882
   0.02384   0.08667
   0.02385   0.09418
   0.02386   0.10132
   0.02387   0.10806
   0.02388   0.11438
   0.02389   0.12024
   0.02390   0.12563
   0.02391   0.13053
   0.02392   0.13491
   0.02393   0.13876
   0.02394   0.14207
   0.02395   0.14481
   0.02396   0.14698
   0.02397   0.14857
   0.02398   0.14958
   0.02399   0.15000
   0.02400   0.14983
   0.02401   0.14906
   0.02402   0.14771
   0.02403   0.14578
   0.02404   0.14327
   0.02405   0.14020
   0.02406   0.13658
   0.02407   0.13241
   0.02408   0.12773
   0.02409   0.12254
   0.02410   0.11687
   0.02411   0.11074
   0.02412   0.10417
   0.02413   0.09719
   0.02414   0.08983
   0.02415   0.08212
   0.02416   0.07408
   0.02417   0.06575
   0.02418   0.05716
   0.02419   0.04835
   0.02420   0.03935
   0.02421   0.03019
   0.02422   0.02091
   0.02423   0.01156
   0.02424   0.00215
   0.02425  -0.00726
   0.02426  -0.01664
   0.02427  -0.02595
   0.02428  -0.03516
   0.02429  -0.04423
   0.02430  -0.05313
   0.02431  -0.06181
   0.02432  -0.07025
   0.02433  -0.07842
   0.02434  -0.08627
   0.02435  -0.09378
   0.02436  -0.10092
   0.02437  -0.10766
   0.02438  -0.11397
   0.02439  -0.11984
   0.02440  -0.12523
   0.02441  -0.13013
   0.02442  -0.13451
   0.02443  -0.13836
   0.02444  -0.14166
   0.02445  -0.14440
   0.02446  -0.14658
   0.02447  -0.14817
   0.02448  -0.14918
   0.02449  -0.14959
   0.02450  -0.14942
   0.02451  -0.14866
   0.02452  -0.14731
   0.02453  -0.14537
   0.02454  -0.14286
   0.02455  -0.13979
   0.02456  -0.13617
   0.02457  -0.13200
   0.02458  -0.12732
   0.02459  -0.12213
   0.02460  -0.11646
   0.02461  -0.11033
   0.02462  -0.10376
   0.02463  -0.09678
   0.02464  -0.08942
   0.02465  -0.08170
   0.02466  -0.07367
   0.02467  -0.06534
   0.02468  -0.05675
   0.02469  -0.04794
   0.02470  -0.03893
   0.02471  -0.02978
   0.02472  -0.02050
   0.02473  -0.01114
   0.02474  -0.00174
   0.02475   0.00767
   0.02476   0.01705
   0.02477   0.02636
   0.02478   0.03558
   0.02479   0.04465
   0.02480   0.05354
   0.02481   0.06223
   0.02482   0.07067
   0.02483   0.07883
   0.02484   0.08668
   0.02485   0.09419
   0.02486   0.10133
   0.02487   0.10808
   0.02488   0.11439
   0.02489   0.12026
   0.02490   0.12565
   0.02491   0.13054
   0.02492   0.13492
   0.02493   0.13877
   0.02494   0.14208
   0.02495   0.14482
   0.02496   0.14699
   0.02497   0.14859
   0.02498   0.14959
   0.02499   0.15001
   0.02500   0.14984
   0.02501   0.14907
   0.02502   0.14772
   0.02503   0.14579
   0.02504   0.14328
   0.02505   0.14021
   0.02506   0.13658
   0.02507   0.13242
   0.02508   0.12774
   0.02509   0.12255
   0.02510   0.11688
   0.02511   0.11074
   0.02512   0.10418
   0.02513   0.09720
   0.02514   0.08984
   0.02515   0.08212
   0.02516   0.07409
   0.02517   0.06576
   0.02518   0.05717
   0.02519   0.04835
   0.02520   0.03935
   0.02521   0.03019
   0.02522   0.02092
   0.02523   0.01156
   0.02524   0.00216
   0.02525  -0.00725
   0.02526  -0.01663
   0.02527  -0.02595
   0.02528  -0.03516
   0.02529  -0.04423
   0.02530  -0.05312
   0.02531  -0.06181
   0.02532  -0.07025
   0.02533  -0.07841
   0.02534  -0.08626
   0.02535  -0.09378
   0.02536  -0.10092
   0.02537  -0.10766
   0.02538  -0.11397
   0.02539  -0.11984
   0.02540  -0.12523
   0.02541  -0.13012
   0.02542  -0.13451
   0.02543  -0.13836
   0.02544  -0.14166
   0.02545  -0.14440
   0.02546  -0.14657
   0.02547  -0.14817
   0.02548  -0.14918
   0.02549  -0.14959
   0.02550  -0.14942
   0.02551  -0.14866
   0.02552  -0.14731
   0.02553  -0.14537
   0.02554  -0.14286
   0.02555  -0.13979
   0.02556  -0.13617
   0.02557  -0.13200
   0.02558  -0.12732
   0.02559  -0.12213
   0.02560  -0.11646
   0.02561  -0.11033
   0.02562  -0.10376
   0.02563  -0.09678
   0.02564  -0.08942
   0.02565  -0.08171
   0.02566  -0.07367
   0.02567  -0.06534
   0.02568  -0.05675
   0.02569  -0.04794
   0.02570  -0.03894
   0.02571  -0.02978
   0.02572  -0.02050
   0.02573  -0.01115
   0.02574  -0.00174
   0.02575   0.00766
   0.02576   0.01705
   0.02577   0.02636
   0.02578   0.03557
   0.02579   0.04464
   0.02580   0.05354
   0.02581   0.06222
   0.02582   0.07066
   0.02583   0.07882
   0.02584   0.08668
   0.02585   0.09419
   0.02586   0.10133
   0.02587   0.10807
   0.02588   0.11438
   0.02589   0.12025
   0.02590   0.12564
   0.02591   0.13053
   0.02592   0.13492
   0.02593   0.13877
   0.02594   0.14207
   0.02595   0.14481
   0.02596   0.14698
   0.02597   0.14858
   0.02598   0.14958
   0.02599   0.15000
   0.02600   0.14983
   0.02601   0.14906
   0.02602   0.14771
   0.02603   0.14578
   0.02604   0.14327
   0.02605   0.14020
   0.02606   0.13657
   0.02607   0.13241
   0.02608   0.12772
   0.02609   0.12254
   0.02610   0.11686
   0.02611   0.11073
   0.02612   0.10416
   0.02613   0.09719
   0.02614   0.08982
   0.02615   0.08211
   0.02616   0.07407
   0.02617   0.06574
   0.02618   0.05715
   0.02619   0.04834
   0.02620   0.03934
   0.02621   0.03018
   0.02622   0.02090
   0.02623   0.01155
   0.02624   0.00214
   0.02625  -0.00727
   0.02626  -0.01665
   0.02627  -0.02596
   0.02628  -0.03517
   0.02629  -0.04424
   0.02630  -0.05314
   0.02631  -0.06183
   0.02632  -0.07027
   0.02633  -0.07843
   0.02634  -0.08628
   0.02635  -0.09379
   0.02636  -0.10093
   0.02637  -0.10767
   0.02638  -0.11399
   0.02639  -0.11986
   0.02640  -0.12525
   0.02641  -0.13014
   0.02642  -0.13452
   0.02643  -0.13837
   0.02644  -0.14168
   0.02645  -0.14442
   0.02646  -0.14659
   0.02647  -0.14819
   0.02648  -0.14920
   0.02649  -0.14961
   0.02650  -0.14944
   0.02651  -0.14868
   0.02652  -0.14733
   0.02653  -0.14539
   0.02654  -0.14289
   0.02655  -0.13981
   0.02656  -0.13619
   0.02657  -0.13203
   0.02658  -0.12734
   0.02659  -0.12215
   0.02660  -0.11648
   0.02661  -0.11035
   0.02662  -0.10378
   0.02663  -0.09681
   0.02664  -0.08945
   0.02665  -0.08173
   0.02666  -0.07369
   0.02667  -0.06536
   0.02668  -0.05678
   0.02669  -0.04796
   0.02670  -0.03896
   0.02671  -0.02980
   0.02672  -0.02053
   0.02673  -0.01117
   0.02674  -0.00177
   0.02675   0.00764
   0.02676   0.01702
   0.02677   0.02633
   0.02678   0.03554
   0.02679   0.04461
   0.02680   0.05351
   0.02681   0.06220
   0.02682   0.07064
   0.02683   0.07880
   0.02684   0.08665
   0.02685   0.09416
   0.02686   0.10130
   0.02687   0.10804
   0.02688   0.11436
   0.02689   0.12022
   0.02690   0.12561
   0.02691   0.13051
   0.02692   0.13489
   0.02693   0.13874
   0.02694   0.14204
   0.02695   0.14478
   0.02696   0.14695
   0.02697   0.14855
   0.02698   0.14955
   0.02699   0.14997
   0.02700   0.14980
   0.02701   0.14903
   0.02702   0.14768
   0.02703   0.14575
   0.02704   0.14324
   0.02705   0.14017
   0.02706   0.13654
   0.02707   0.13238
   0.02708   0.12769
   0.02709   0.12250
   0.02710   0.11683
   0.02711   0.11070
   0.02712   0.10413
   0.02713   0.09715
   0.02714   0.08979
   0.02715   0.08208
   0.02716   0.07404
   0.02717   0.06571
   0.02718   0.05712
   0.02719   0.04831
   0.02720   0.03930
   0.02721   0.03015
   0.02722   0.02087
   0.02723   0.01151
   0.02724   0.00211
   0.02725  -0.00730
   0.02726  -0.01668
   0.02727  -0.02600
   0.02728  -0.03521
   0.02729  -0.04428
   0.02730  -0.05318
   0.02731  -0.06186
   0.02732  -0.07030
   0.02733  -0.07847
   0.02734  -0.08632
   0.02735  -0.09383
   0.02736  -0.10097
   0.02737  -0.10771
   0.02738  -0.11403
   0.02739  -0.11989
   0.02740  -0.12528
   0.02741  -0.13018
   0.02742  -0.13456
   0.02743  -0.13841
   0.02744  -0.14172
   0.02745  -0.14446
   0.02746  -0.14663
   0.02747  -0.14823
   0.02748  -0.14923
   0.02749  -0.14965
   0.02750  -0.14948
   0.02751  -0.14872
   0.02752  -0.14737
   0.02753  -0.14543
   0.02754  -0.14293
   0.02755  -0.13985
   0.02756  -0.13623
   0.02757  -0.13207
   0.02758  -0.12738
   0.02759  -0.12219
   0.02760  -0.11652
   0.02761  -0.11039
   0.02762  -0.10382
   0.02763  -0.09685
   0.02764  -0.08949
   0.02765  -0.08177
   0.02766  -0.07373
   0.02767  -0.06541
   0.02768  -0.05682
   0.02769  -0.04801
   0.02770  -0.03900
   0.02771  -0.02985
   0.02772  -0.02057
   0.02773  -0.01121
   0.02774  -0.00181
   0.02775   0.00760
   0.02776   0.01698
   0.02777   0.02629
   0.02778   0.03550
   0.02779   0.04457
   0.02780   0.05347
   0.02781   0.06215
   0.02782   0.07059
   0.02783   0.07875
   0.02784   0.08661
   0.02785   0.09412
   0.02786   0.10126
   0.02787   0.10800
   0.02788   0.11431
   0.02789   0.12018
   0.02790   0.12557
   0.02791   0.13046
   0.02792   0.13484
   0.02793   0.13869
   0.02794   0.14199
   0.02795   0.14474
   0.02796   0.14691
   0.02797   0.14850
   0.02798   0.14951
   0.02799   0.14993
   0.02800   0.14975
   0.02801   0.14899
   0.02802   0.14764
   0.02803   0.14570
   0.02804   0.14319
   0.02805   0.14012
   0.02806   0.13649
   0.02807   0.13233
   0.02808   0.12765
   0.02809   0.12246
   0.02810   0.11678
   0.02811   0.11065
   0.02812   0.10408
   0.02813   0.09711
   0.02814   0.08974
   0.02815   0.08203
   0.02816   0.07399
   0.02817   0.06566
   0.02818   0.05707
   0.02819   0.04826
   0.02820   0.03925
   0.02821   0.03010
   0.02822   0.02082
   0.02823   0.01146
   0.02824   0.00206
   0.02825  -0.00735
   0.02826  -0.01673
   0.02827  -0.02605
   0.02828  -0.03526
   0.02829  -0.04433
   0.02830  -0.05323
   0.02831  -0.06191
   0.02832  -0.07035
   0.02833  -0.07852
   0.02834  -0.08637
   0.02835  -0.09388
   0.02836  -0.10102
   0.02837  -0.10776
   0.02838  -0.11408
   0.02839  -0.11994
   0.02840  -0.12534
   0.02841  -0.13023
   0.02842  -0.13461
   0.02843  -0.13846
   0.02844  -0.14177
   0.02845  -0.14451
   0.02846  -0.14668
   0.02847  -0.14828
   0.02848  -0.14929
   0.02849  -0.14971
   0.02850  -0.14953
   0.02851  -0.14877
   0.02852  -0.14742
   0.02853  -0.14549
   0.02854  -0.14298
   0.02855  -0.13991
   0.02856  -0.13628
   0.02857  -0.13212
   0.02858  -0.12744
   0.02859  -0.12225
   0.02860  -0.11658
   0.02861  -0.11045
   0.02862  -0.10388
   0.02863  -0.09690
   0.02864  -0.08954
   0.02865  -0.08183
   0.02866  -0.07379
   0.02867  -0.06546
   0.02868  -0.05687
   0.02869  -0.04806
   0.02870  -0.03906
   0.02871  -0.02990
   0.02872  -0.02063
   0.02873  -0.01127
   0.02874  -0.00187
   0.02875   0.00754
   0.02876   0.01692
   0.02877   0.02623
   0.02878   0.03544
   0.02879   0.04452
   0.02880   0.05341
   0.02881   0.06210
   0.02882   0.07054
   0.02883   0.07870
   0.02884   0.08655
   0.02885   0.09406
   0.02886   0.10120
   0.02887   0.10794
   0.02888   0.11425
   0.02889   0.12012
   0.02890   0.12551
   0.02891   0.13040
   0.02892   0.13478
   0.02893   0.13863
   0.02894   0.14194
   0.02895   0.14468
   0.02896   0.14685
   0.02897   0.14844
   0.02898   0.14945
   0.02899   0.14987
   0.02900   0.14969
   0.02901   0.14893
   0.02902   0.14758
   0.02903   0.14564
   0.02904   0.14313
   0.02905   0.14006
   0.02906   0.13644
   0.02907   0.13227
   0.02908   0.12759
   0.02909   0.12240
   0.02910   0.11673
   0.02911   0.11059
   0.02912   0.10402
   0.02913   0.09705
   0.02914   0.08968
   0.02915   0.08197
   0.02916   0.07393
   0.02917   0.06560
   0.02918   0.05701
   0.02919   0.04820
   0.02920   0.03919
   0.02921   0.03004
   0.02922   0.02076
   0.02923   0.01140
   0.02924   0.00200
   0.02925  -0.00741
   0.02926  -0.01679
   0.02927  -0.02611
   0.02928  -0.03532
   0.02929  -0.04439
   0.02930  -0.05329
   0.02931  -0.06197
   0.02932  -0.07041
   0.02933  -0.07858
   0.02934  -0.08643
   0.02935  -0.09394
   0.02936  -0.10108
   0.02937  -0.10782
   0.02938  -0.11414
   0.02939  -0.12001
   0.02940  -0.12540
   0.02941  -0.13029
   0.02942  -0.13468
   0.02943  -0.13853
   0.02944  -0.14183
   0.02945  -0.14457
   0.02946  -0.14675
   0.02947  -0.14834
   0.02948  -0.14935
   0.02949  -0.14977
   0.02950  -0.14960
   0.02951  -0.14883
   0.02952  -0.14748
   0.02953  -0.14555
   0.02954  -0.14304
   0.02955  -0.13997
   0.02956  -0.13635
   0.02957  -0.13218
   0.02958  -0.12750
   0.02959  -0.12231
   0.02960  -0.11664
   0.02961  -0.11051
   0.02962  -0.10394
   0.02963  -0.09696
   0.02964  -0.08960
   0.02965  -0.08189
   0.02966  -0.07385
   0.02967  -0.06552
   0.02968  -0.05694
   0.02969  -0.04812
   0.02970  -0.03912
   0.02971  -0.02997
   0.02972  -0.02069
   0.02973  -0.01133
   0.02974  -0.00193
   0.02975   0.00748
   0.02976   0.01686
   0.02977   0.02617
   0.02978   0.03538
   0.02979   0.04445
   0.02980   0.05335
   0.02981   0.06203
   0.02982   0.07047
   0.02983   0.07863
   0.02984   0.08648
   0.02985   0.09399
   0.02986   0.10113
   0.02987   0.10787
   0.02988   0.11419
   0.02989   0.12005
   0.02990   0.12544
   0.02991   0.13034
   0.02992   0.13472
   0.02993   0.13857
   0.02994   0.14187
   0.02995   0.14461
   0.02996   0.14679
   0.02997   0.14838
   0.02998   0.14938
   0.02999   0.14980
   0.03000   0.14963
   0.03001   0.14886
   0.03002   0.14751
   0.03003   0.14558
   0.03004   0.14307
   0.03005   0.14000
   0.03006   0.13637
   0.03007   0.13221
   0.03008   0.12752
   0.03009   0.12233
   0.03010   0.11666
   0.03011   0.11053
   0.03012   0.10396
   0.03013   0.09698
   0.03014   0.08962
   0.03015   0.08190
   0.03016   0.07386
   0.03017   0.06553
   0.03018   0.05695
   0.03019   0.04813
   0.03020   0.03913
   0.03021   0.02997
   0.03022   0.02069
   0.03023   0.01134
   0.03024   0.00193
   0.03025  -0.00748
   0.03026  -0.01686
   0.03027  -0.02617
   0.03028  -0.03538
   0.03029  -0.04446
   0.03030  -0.05335
   0.03031  -0.06204
   0.03032  -0.07048
   0.03033  -0.07864
   0.03034  -0.08650
   0.03035  -0.09401
   0.03036  -0.10115
   0.03037  -0.10789
   0.03038  -0.11421
   0.03039  -0.12007
   0.03040  -0.12546
   0.03041  -0.13036
   0.03042  -0.13474
   0.03043  -0.13859
   0.03044  -0.14190
   0.03045  -0.14464
   0.03046  -0.14681
   0.03047  -0.14841
   0.03048  -0.14941
   0.03049  -0.14983
   0.03050  -0.14966
   0.03051  -0.14890
   0.03052  -0.14755
   0.03053  -0.14561
   0.03054  -0.14311
   0.03055  -0.14004
   0.03056  -0.13641
   0.03057  -0.13225
   0.03058  -0.12756
   0.03059  -0.12238
   0.03060  -0.11671
   0.03061  -0.11057
   0.03062  -0.10401
   0.03063  -0.09703
   0.03064  -0.08967
   0.03065  -0.08196
   0.03066  -0.07392
   0.03067  -0.06559
   0.03068  -0.05700
   0.03069  -0.04819
   0.03070  -0.03919
   0.03071  -0.03003
   0.03072  -0.02076
   0.03073  -0.01140
   0.03074  -0.00200
   0.03075   0.00741
   0.03076   0.01679
   0.03077   0.02610
   0.03078   0.03531
   0.03079   0.04439
   0.03080   0.05328
   0.03081   0.06197
   0.03082   0.07041
   0.03083   0.07857
   0.03084   0.08642
   0.03085   0.09393
   0.03086   0.10107
   0.03087   0.10781
   0.03088   0.11412
   0.03089   0.11999
   0.03090   0.12538
   0.03091   0.13027
   0.03092   0.13465
   0.03093   0.13850
   0.03094   0.14181
   0.03095   0.14455
   0.03096   0.14672
   0.03097   0.14831
   0.03098   0.14932
   0.03099   0.14974
   0.03100   0.14956
   0.03101   0.14880
   0.03102   0.14745
   0.03103   0.14551
   0.03104   0.14300
   0.03105   0.13993
   0.03106   0.13631
   0.03107   0.13214
   0.03108   0.12746
   0.03109   0.12227
   0.03110   0.11660
   0.03111   0.11046
   0.03112   0.10389
   0.03113   0.09692
   0.03114   0.08955
   0.03115   0.08184
   0.03116   0.07380
   0.03117   0.06547
   0.03118   0.05688
   0.03119   0.04807
   0.03120   0.03906
   0.03121   0.02991
   0.03122   0.02063
   0.03123   0.01127
   0.03124   0.00187
   0.03125  -0.00754
   0.03126  -0.01692
   0.03127  -0.02624
   0.03128  -0.03545
   0.03129  -0.04452
   0.03130  -0.05342
   0.03131  -0.06210
   0.03132  -0.07054
   0.03133  -0.07871
   0.03134  -0.08656
   0.03135  -0.09407
   0.03136  -0.10121
   0.03137  -0.10795
   0.03138  -0.11427
   0.03139  -0.12013
   0.03140  -0.12553
   0.03141  -0.13042
   0.03142  -0.13480
   0.03143  -0.13866
   0.03144  -0.14196
   0.03145  -0.14470
   0.03146  -0.14688
   0.03147  -0.14847
   0.03148  -0.14948
   0.03149  -0.14990
   0.03150  -0.14972
   0.03151  -0.14896
   0.03152  -0.14761
   0.03153  -0.14568
   0.03154  -0.14317
   0.03155  -0.14010
   0.03156  -0.13647
   0.03157  -0.13231
   0.03158  -0.12763
   0.03159  -0.12244
   0.03160  -0.11677
   0.03161  -0.11064
   0.03162  -0.10407
   0.03163  -0.09709
   0.03164  -0.08973
   0.03165  -0.08202
   0.03166  -0.07398
   0.03167  -0.06565
   0.03168  -0.05706
   0.03169  -0.04825
   0.03170  -0.03925
   0.03171  -0.03009
   0.03172  -0.02082
   0.03173  -0.01146
   0.03174  -0.00206
   0.03175   0.00735
   0.03176   0.01673
   0.03177   0.02604
   0.03178   0.03525
   0.03179   0.04433
   0.03180   0.05322
   0.03181   0.06191
   0.03182   0.07035
   0.03183   0.07851
   0.03184   0.08636
   0.03185   0.09387
   0.03186   0.10101
   0.03187   0.10775
   0.03188   0.11406
   0.03189   0.11993
   0.03190   0.12532
   0.03191   0.13021
   0.03192   0.13459
   0.03193   0.13844
   0.03194   0.14175
   0.03195   0.14449
   0.03196   0.14666
   0.03197   0.14825
   0.03198   0.14926
   0.03199   0.14968
   0.03200   0.14950
   0.03201   0.14874
   0.03202   0.14739
   0.03203   0.14545
   0.03204   0.14295
   0.03205   0.13987
   0.03206   0.13625
   0.03207   0.13208
   0.03208   0.12740
   0.03209   0.12221
   0.03210   0.11654
   0.03211   0.11041
   0.03212   0.10384
   0.03213   0.09686
   0.03214   0.08950
   0.03215   0.08178
   0.03216   0.07374
   0.03217   0.06541
   0.03218   0.05682
   0.03219   0.04801
   0.03220   0.03901
   0.03221   0.02985
   0.03222   0.02057
   0.03223   0.01122
   0.03224   0.00181
   0.03225  -0.00760
   0.03226  -0.01698
   0.03227  -0.02629
   0.03228  -0.03550
   0.03229  -0.04458
   0.03230  -0.05347
   0.03231  -0.06216
   0.03232  -0.07060
   0.03233  -0.07876
   0.03234  -0.08661
   0.03235  -0.09413
   0.03236  -0.10127
   0.03237  -0.10801
   0.03238  -0.11432
   0.03239  -0.12019
   0.03240  -0.12558
   0.03241  -0.13048
   0.03242  -0.13486
   0.03243  -0.13871
   0.03244  -0.14201
   0.03245  -0.14476
   0.03246  -0.14693
   0.03247  -0.14852
   0.03248  -0.14953
   0.03249  -0.14995
   0.03250  -0.14978
   0.03251  -0.14901
   0.03252  -0.14766
   0.03253  -0.14573
   0.03254  -0.14322
   0.03255  -0.14015
   0.03256  -0.13653
   0.03257  -0.13236
   0.03258  -0.12768
   0.03259  -0.12249
   0.03260  -0.11682
   0.03261  -0.11069
   0.03262  -0.10412
   0.03263  -0.09714
   0.03264  -0.08978
   0.03265  -0.08207
   0.03266  -0.07403
   0.03267  -0.06570
   0.03268  -0.05711
   0.03269  -0.04830
   0.03270  -0.03930
   0.03271  -0.03014
   0.03272  -0.02087
   0.03273  -0.01151
   0.03274  -0.00211
   0.03275   0.00730
   0.03276   0.01668
   0.03277   0.02599
   0.03278   0.03520
   0.03279   0.04428
   0.03280   0.05317
   0.03281   0.06186
   0.03282   0.07030
   0.03283   0.07846
   0.03284   0.08631
   0.03285   0.09382
   0.03286   0.10096
   0.03287   0.10770
   0.03288   0.11402
   0.03289   0.11988
   0.03290   0.12527
   0.03291   0.13017
   0.03292   0.13455
   0.03293   0.13840
   0.03294   0.14170
   0.03295   0.14444
   0.03296   0.14661
   0.03297   0.14821
   0.03298   0.14921
   0.03299   0.14963
   0.03300   0.14946
   0.03301   0.14869
   0.03302   0.14734
   0.03303   0.14541
   0.03304   0.14290
   0.03305   0.13983
   0.03306   0.13620
   0.03307   0.13204
   0.03308   0.12735
   0.03309   0.12216
   0.03310   0.11649
   0.03311   0.11036
   0.03312   0.10379
   0.03313   0.09681
   0.03314   0.08945
   0.03315   0.08174
   0.03316   0.07370
   0.03317   0.06537
   0.03318   0.05678
   0.03319   0.04797
   0.03320   0.03896
   0.03321   0.02981
   0.03322   0.02053
   0.03323   0.01117
   0.03324   0.00177
   0.03325  -0.00764
   0.03326  -0.01702
   0.03327  -0.02634
   0.03328  -0.03555
   0.03329  -0.04462
   0.03330  -0.05351
   0.03331  -0.06220
   0.03332  -0.07064
   0.03333  -0.07880
   0.03334  -0.08666
   0.03335  -0.09417
   0.03336  -0.10131
   0.03337  -0.10805
   0.03338  -0.11436
   0.03339  -0.12023
   0.03340  -0.12562
   0.03341  -0.13052
   0.03342  -0.13490
   0.03343  -0.13875
   0.03344  -0.14205
   0.03345  -0.14480
   0.03346  -0.14697
   0.03347  -0.14856
   0.03348  -0.14957
   0.03349  -0.14999
   0.03350  -0.14982
   0.03351  -0.14905
   0.03352  -0.14770
   0.03353  -0.14577
   0.03354  -0.14326
   0.03355  -0.14019
   0.03356  -0.13656
   0.03357  -0.13240
   0.03358  -0.12772
   0.03359  -0.12253
   0.03360  -0.11686
   0.03361  -0.11073
   0.03362  -0.10416
   0.03363  -0.09718
   0.03364  -0.08982
   0.03365  -0.08211
   0.03366  -0.07407
   0.03367  -0.06574
   0.03368  -0.05715
   0.03369  -0.04834
   0.03370  -0.03934
   0.03371  -0.03018
   0.03372  -0.02090
   0.03373  -0.01155
   0.03374  -0.00214
   0.03375   0.00727
   0.03376   0.01665
   0.03377   0.02596
   0.03378   0.03517
   0.03379   0.04424
   0.03380   0.05314
   0.03381   0.06182
   0.03382   0.07026
   0.03383   0.07843
   0.03384   0.08628
   0.03385   0.09379
   0.03386   0.10093
   0.03387   0.10767
   0.03388   0.11398
   0.03389   0.11985
   0.03390   0.12524
   0.03391   0.13013
   0.03392   0.13452
   0.03393   0.13837
   0.03394   0.14167
   0.03395   0.14441
   0.03396   0.14658
   0.03397   0.14818
   0.03398   0.14918
   0.03399   0.14960
   0.03400   0.14943
   0.03401   0.14866
   0.03402   0.14731
   0.03403   0.14538
   0.03404   0.14287
   0.03405   0.13980
   0.03406   0.13617
   0.03407   0.13201
   0.03408   0.12732
   0.03409   0.12214
   0.03410   0.11646
   0.03411   0.11033
   0.03412   0.10376
   0.03413   0.09679
   0.03414   0.08943
   0.03415   0.08171
   0.03416   0.07367
   0.03417   0.06534
   0.03418   0.05675
   0.03419   0.04794
   0.03420   0.03894
   0.03421   0.02978
   0.03422   0.02051
   0.03423   0.01115
   0.03424   0.00175
   0.03425  -0.00766
   0.03426  -0.01705
   0.03427  -0.02636
   0.03428  -0.03557
   0.03429  -0.04464
   0.03430  -0.05354
   0.03431  -0.06222
   0.03432  -0.07066
   0.03433  -0.07883
   0.03434  -0.08668
   0.03435  -0.09419
   0.03436  -0.10133
   0.03437  -0.10807
   0.03438  -0.11439
   0.03439  -0.12025
   0.03440  -0.12564
   0.03441  -0.13054
   0.03442  -0.13492
   0.03443  -0.13877
   0.03444  -0.14207
   0.03445  -0.14482
   0.03446  -0.14699
   0.03447  -0.14858
   0.03448  -0.14959
   0.03449  -0.15001
   0.03450  -0.14984
   0.03451  -0.14907
   0.03452  -0.14772
   0.03453  -0.14579
   0.03454  -0.14328
   0.03455  -0.14021
   0.03456  -0.13658
   0.03457  -0.13242
   0.03458  -0.12773
   0.03459  -0.12255
   0.03460  -0.11687
   0.03461  -0.11074
   0.03462  -0.10418
   0.03463  -0.09720
   0.03464  -0.08984
   0.03465  -0.08212
   0.03466  -0.07408
   0.03467  -0.06576
   0.03468  -0.05717
   0.03469  -0.04835
   0.03470  -0.03935
   0.03471  -0.03019
   0.03472  -0.02092
   0.03473  -0.01156
   0.03474  -0.00216
   0.03475   0.00725
   0.03476   0.01663
   0.03477   0.02595
   0.03478   0.03516
   0.03479   0.04423
   0.03480   0.05312
   0.03481   0.06181
   0.03482   0.07025
   0.03483   0.07841
   0.03484   0.08626
   0.03485   0.09377
   0.03486   0.10091
   0.03487   0.10766
   0.03488   0.11397
   0.03489   0.11984
   0.03490   0.12523
   0.03491   0.13012
   0.03492   0.13450
   0.03493   0.13835
   0.03494   0.14166
   0.03495   0.14440
   0.03496   0.14657
   0.03497   0.14817
   0.03498   0.14917
   0.03499   0.14959
   0.03500   0.14942
   0.03501   0.14865
   0.03502   0.14730
   0.03503   0.14537
   0.03504   0.14286
   0.03505   0.13979
   0.03506   0.13616
   0.03507   0.13200
   0.03508   0.12732
   0.03509   0.12213
   0.03510   0.11646
   0.03511   0.11032
   0.03512   0.10376
   0.03513   0.09678
   0.03514   0.08942
   0.03515   0.08170
   0.03516   0.07367
   0.03517   0.06534
   0.03518   0.05675
   0.03519   0.04794
   0.03520   0.03893
   0.03521   0.02978
   0.03522   0.02050
   0.03523   0.01114
   0.03524   0.00174
   0.03525  -0.00767
   0.03526  -0.01705
   0.03527  -0.02636
   0.03528  -0.03558
   0.03529  -0.04465
   0.03530  -0.05354
   0.03531  -0.06223
   0.03532  -0.07067
   0.03533  -0.07883
   0.03534  -0.08668
   0.03535  -0.09419
   0.03536  -0.10133
   0.03537  -0.10807
   0.03538  -0.11439
   0.03539  -0.12025
   0.03540  -0.12565
   0.03541  -0.13054
   0.03542  -0.13492
   0.03543  -0.13877
   0.03544  -0.14208
   0.03545  -0.14482
   0.03546  -0.14699
   0.03547  -0.14858
   0.03548  -0.14959
   0.03549  -0.15001
   0.03550  -0.14984
   0.03551  -0.14907
   0.03552  -0.14772
   0.03553  -0.14579
   0.03554  -0.14328
   0.03555  -0.14021
   0.03556  -0.13658
   0.03557  -0.13242
   0.03558  -0.12773
   0.03559  -0.12254
   0.03560  -0.11687
   0.03561  -0.11074
   0.03562  -0.10417
   0.03563  -0.09720
   0.03564  -0.08983
   0.03565  -0.08212
   0.03566  -0.07408
   0.03567  -0.06575
   0.03568  -0.05716
   0.03569  -0.04835
   0.03570  -0.03935
   0.03571  -0.03019
   0.03572  -0.02091
   0.03573  -0.01156
   0.03574  -0.00215
   0.03575   0.00726
   0.03576   0.01664
   0.03577   0.02595
   0.03578   0.03516
   0.03579   0.04423
   0.03580   0.05313
   0.03581   0.06181
   0.03582   0.07026
   0.03583   0.07842
   0.03584   0.08627
   0.03585   0.09378
   0.03586   0.10092
   0.03587   0.10766
   0.03588   0.11398
   0.03589   0.11984
   0.03590   0.12523
   0.03591   0.13013
   0.03592   0.13451
   0.03593   0.13836
   0.03594   0.14167
   0.03595   0.14441
   0.03596   0.14658
   0.03597   0.14818
   0.03598   0.14918
   0.03599   0.14960
   0.03600   0.14943
   0.03601   0.14866
   0.03602   0.14731
   0.03603   0.14538
   0.03604   0.14287
   0.03605   0.13980
   0.03606   0.13618
   0.03607   0.13201
   0.03608   0.12733
   0.03609   0.12214
   0.03610   0.11647
   0.03611   0.11034
   0.03612   0.10377
   0.03613   0.09679
   0.03614   0.08943
   0.03615   0.08172
   0.03616   0.07368
   0.03617   0.06535
   0.03618   0.05676
   0.03619   0.04795
   0.03620   0.03895
   0.03621   0.02979
   0.03622   0.02051
   0.03623   0.01116
   0.03624   0.00175
   0.03625  -0.00765
   0.03626  -0.01703
   0.03627  -0.02635
   0.03628  -0.03556
   0.03629  -0.04463
   0.03630  -0.05353
   0.03631  -0.06221
   0.03632  -0.07065
   0.03633  -0.07881
   0.03634  -0.08667
   0.03635  -0.09418
   0.03636  -0.10132
   0.03637  -0.10806
   0.03638  -0.11437
   0.03639  -0.12024
   0.03640  -0.12563
   0.03641  -0.13052
   0.03642  -0.13490
   0.03643  -0.13875
   0.03644  -0.14206
   0.03645  -0.14480
   0.03646  -0.14697
   0.03647  -0.14856
   0.03648  -0.14957
   0.03649  -0.14999
   0.03650  -0.14982
   0.03651  -0.14905
   0.03652  -0.14770
   0.03653  -0.14577
   0.03654  -0.14326
   0.03655  -0.14019
   0.03656  -0.13656
   0.03657  -0.13240
   0.03658  -0.12771
   0.03659  -0.12252
   0.03660  -0.11685
   0.03661  -0.11072
   0.03662  -0.10415
   0.03663  -0.09717
   0.03664  -0.08981
   0.03665  -0.08210
   0.03666  -0.07406
   0.03667  -0.06573
   0.03668  -0.05714
   0.03669  -0.04833
   0.03670  -0.03932
   0.03671  -0.03017
   0.03672  -0.02089
   0.03673  -0.01153
   0.03674  -0.00213
   0.03675   0.00728
   0.03676   0.01666
   0.03677   0.02598
   0.03678   0.03519
   0.03679   0.04426
   0.03680   0.05316
   0.03681   0.06184
   0.03682   0.07028
   0.03683   0.07845
   0.03684   0.08630
   0.03685   0.09381
   0.03686   0.10095
   0.03687   0.10769
   0.03688   0.11401
   0.03689   0.11987
   0.03690   0.12526
   0.03691   0.13016
   0.03692   0.13454
   0.03693   0.13839
   0.03694   0.14169
   0.03695   0.14444
   0.03696   0.14661
   0.03697   0.14820
   0.03698   0.14921
   0.03699   0.14963
   0.03700   0.14946
   0.03701   0.14869
   0.03702   0.14734
   0.03703   0.14541
   0.03704   0.14290
   0.03705   0.13983
   0.03706   0.13621
   0.03707   0.13204
   0.03708   0.12736
   0.03709   0.12217
   0.03710   0.11650
   0.03711   0.11037
   0.03712   0.10380
   0.03713   0.09682
   0.03714   0.08946
   0.03715   0.08175
   0.03716   0.07371
   0.03717   0.06538
   0.03718   0.05680
   0.03719   0.04798
   0.03720   0.03898
   0.03721   0.02982
   0.03722   0.02055
   0.03723   0.01119
   0.03724   0.00179
   0.03725  -0.00762
   0.03726  -0.01700
   0.03727  -0.02631
   0.03728  -0.03552
   0.03729  -0.04460
   0.03730  -0.05349
   0.03731  -0.06218
   0.03732  -0.07062
   0.03733  -0.07878
   0.03734  -0.08663
   0.03735  -0.09414
   0.03736  -0.10128
   0.03737  -0.10802
   0.03738  -0.11434
   0.03739  -0.12020
   0.03740  -0.12559
   0.03741  -0.13049
   0.03742  -0.13487
   0.03743  -0.13872
   0.03744  -0.14202
   0.03745  -0.14476
   0.03746  -0.14693
   0.03747  -0.14853
   0.03748  -0.14953
   0.03749  -0.14995
   0.03750  -0.14978
   0.03751  -0.14901
   0.03752  -0.14766
   0.03753  -0.14573
   0.03754  -0.14322
   0.03755  -0.14015
   0.03756  -0.13652
   0.03757  -0.13236
   0.03758  -0.12767
   0.03759  -0.12248
   0.03760  -0.11681
   0.03761  -0.11068
   0.03762  -0.10411
   0.03763  -0.09713
   0.03764  -0.08977
   0.03765  -0.08205
   0.03766  -0.07402
   0.03767  -0.06569
   0.03768  -0.05710
   0.03769  -0.04828
   0.03770  -0.03928
   0.03771  -0.03012
   0.03772  -0.02085
   0.03773  -0.01149
   0.03774  -0.00209
   0.03775   0.00732
   0.03776   0.01671
   0.03777   0.02602
   0.03778   0.03523
   0.03779   0.04430
   0.03780   0.05320
   0.03781   0.06188
   0.03782   0.07033
   0.03783   0.07849
   0.03784   0.08634
   0.03785   0.09385
   0.03786   0.10099
   0.03787   0.10774
   0.03788   0.11405
   0.03789   0.11992
   0.03790   0.12531
   0.03791   0.13020
   0.03792   0.13459
   0.03793   0.13844
   0.03794   0.14174
   0.03795   0.14448
   0.03796   0.14666
   0.03797   0.14825
   0.03798   0.14926
   0.03799   0.14968
   0.03800   0.14950
   0.03801   0.14874
   0.03802   0.14739
   0.03803   0.14546
   0.03804   0.14295
   0.03805   0.13988
   0.03806   0.13625
   0.03807   0.13209
   0.03808   0.12741
   0.03809   0.12222
   0.03810   0.11655
   0.03811   0.11042
   0.03812   0.10385
   0.03813   0.09687
   0.03814   0.08951
   0.03815   0.08180
   0.03816   0.07376
   0.03817   0.06543
   0.03818   0.05684
   0.03819   0.04803
   0.03820   0.03903
   0.03821   0.02987
   0.03822   0.02060
   0.03823   0.01124
   0.03824   0.00184
   0.03825  -0.00757
   0.03826  -0.01695
   0.03827  -0.02626
   0.03828  -0.03547
   0.03829  -0.04454
   0.03830  -0.05344
   0.03831  -0.06212
   0.03832  -0.07056
   0.03833  -0.07873
   0.03834  -0.08658
   0.03835  -0.09409
   0.03836  -0.10123
   0.03837  -0.10797
   0.03838  -0.11428
   0.03839  -0.12015
   0.03840  -0.12554
   0.03841  -0.13043
   0.03842  -0.13481
   0.03843  -0.13866
   0.03844  -0.14197
   0.03845  -0.14471
   0.03846  -0.14688
   0.03847  -0.14847
   0.03848  -0.14948
   0.03849  -0.14990
   0.03850  -0.14972
   0.03851  -0.14896
   0.03852  -0.14761
   0.03853  -0.14567
   0.03854  -0.14316
   0.03855  -0.14009
   0.03856  -0.13647
   0.03857  -0.13230
   0.03858  -0.12762
   0.03859  -0.12243
   0.03860  -0.11676
   0.03861  -0.11062
   0.03862  -0.10406
   0.03863  -0.09708
   0.03864  -0.08972
   0.03865  -0.08200
   0.03866  -0.07396
   0.03867  -0.06563
   0.03868  -0.05704
   0.03869  -0.04823
   0.03870  -0.03923
   0.03871  -0.03007
   0.03872  -0.02079
   0.03873  -0.01143
   0.03874  -0.00203
   0.03875   0.00738
   0.03876   0.01676
   0.03877   0.02608
   0.03878   0.03529
   0.03879   0.04436
   0.03880   0.05326
   0.03881   0.06194
   0.03882   0.07038
   0.03883   0.07855
   0.03884   0.08640
   0.03885   0.09391
   0.03886   0.10105
   0.03887   0.10779
   0.03888   0.11411
   0.03889   0.11997
   0.03890   0.12537
   0.03891   0.13026
   0.03892   0.13464
   0.03893   0.13849
   0.03894   0.14180
   0.03895   0.14454
   0.03896   0.14672
   0.03897   0.14831
   0.03898   0.14932
   0.03899   0.14974
   0.03900   0.14956
   0.03901   0.14880
   0.03902   0.14745
   0.03903   0.14552
   0.03904   0.14301
   0.03905   0.13994
   0.03906   0.13631
   0.03907   0.13215
   0.03908   0.12747
   0.03909   0.12228
   0.03910   0.11661
   0.03911   0.11048
   0.03912   0.10391
   0.03913   0.09693
   0.03914   0.08957
   0.03915   0.08186
   0.03916   0.07382
   0.03917   0.06549
   0.03918   0.05690
   0.03919   0.04809
   0.03920   0.03909
   0.03921   0.02993
   0.03922   0.02066
   0.03923   0.01130
   0.03924   0.00190
   0.03925  -0.00751
   0.03926  -0.01689
   0.03927  -0.02620
   0.03928  -0.03541
   0.03929  -0.04448
   0.03930  -0.05338
   0.03931  -0.06206
   0.03932  -0.07050
   0.03933  -0.07867
   0.03934  -0.08652
   0.03935  -0.09403
   0.03936  -0.10117
   0.03937  -0.10791
   0.03938  -0.11422
   0.03939  -0.12009
   0.03940  -0.12548
   0.03941  -0.13037
   0.03942  -0.13475
   0.03943  -0.13860
   0.03944  -0.14190
   0.03945  -0.14465
   0.03946  -0.14682
   0.03947  -0.14841
   0.03948  -0.14942
   0.03949  -0.14983
   0.03950  -0.14966
   0.03951  -0.14890
   0.03952  -0.14754
   0.03953  -0.14561
   0.03954  -0.14310
   0.03955  -0.14003
   0.03956  -0.13640
   0.03957  -0.13224
   0.03958  -0.12755
   0.03959  -0.12236
   0.03960  -0.11669
   0.03961  -0.11056
   0.03962  -0.10399
   0.03963  -0.09701
   0.03964  -0.08965
   0.03965  -0.08194
   0.03966  -0.07390
   0.03967  -0.06557
   0.03968  -0.05698
   0.03969  -0.04817
   0.03970  -0.03916
   0.03971  -0.03000
   0.03972  -0.02073
   0.03973  -0.01137
   0.03974  -0.00197
   0.03975   0.00744
   0.03976   0.01683
   0.03977   0.02614
   0.03978   0.03535
   0.03979   0.04442
   0.03980   0.05332
   0.03981   0.06201
   0.03982   0.07045
   0.03983   0.07861
   0.03984   0.08646
   0.03985   0.09397
   0.03986   0.10112
   0.03987   0.10786
   0.03988   0.11417
   0.03989   0.12004
   0.03990   0.12543
   0.03991   0.13033
   0.03992   0.13471
   0.03993   0.13856
   0.03994   0.14186
   0.03995   0.14461
   0.03996   0.14678
   0.03997   0.14837
   0.03998   0.14938
   0.03999   0.14980
   0.04000   0.14963
