     0.20000   -22.61986
     0.21000   -23.71956
     0.22000   -24.81484
     0.23000   -25.90553
     0.24000   -26.99147
     0.25000   -28.07249
     0.26000   -29.14843
     0.27000   -30.21915
     0.28000   -31.28449
     0.29000   -32.34432
     0.30000   -33.39849
     0.31000   -34.44687
     0.32000   -35.48934
     0.33000   -36.52578
     0.34000   -37.55607
     0.35000   -38.58009
     0.36000   -39.59775
     0.37000   -40.60895
     0.38000   -41.61358
     0.39000   -42.61157
     0.40000   -43.60282
     0.41000   -44.58726
     0.42000   -45.56481
     0.43000   -46.53541
     0.44000   -47.49899
     0.45000   -48.45549
     0.46000   -49.40486
     0.47000   -50.34705
     0.48000   -51.28201
     0.49000   -52.20971
     0.50000   -53.13010
     0.51000   -54.04316
     0.52000   -54.94886
     0.53000   -55.84718
     0.54000   -56.73809
     0.55000   -57.62159
     0.56000   -58.49765
     0.57000   -59.36628
     0.58000   -60.22747
     0.59000   -61.08121
     0.60000   -61.92751
     0.61000   -62.76638
     0.62000   -63.59783
     0.63000   -64.42186
     0.64000   -65.23849
     0.65000   -66.04774
     0.66000   -66.84962
     0.67000   -67.64417
     0.68000   -68.43140
     0.69000   -69.21135
     0.70000   -69.98404
     0.71000   -70.74950
     0.72000   -71.50777
     0.73000   -72.25889
     0.74000   -73.00288
     0.75000   -73.73980
     0.76000   -74.46967
     0.77000   -75.19254
     0.78000   -75.90846
     0.79000   -76.61747
     0.80000   -77.31962
     0.81000   -78.01495
     0.82000   -78.70351
     0.83000   -79.38535
     0.84000   -80.06052
     0.85000   -80.72907
     0.86000   -81.39106
     0.87000   -82.04654
     0.88000   -82.69555
     0.89000   -83.33817
     0.90000   -83.97442
     0.91000   -84.60439
     0.92000   -85.22811
     0.93000   -85.84565
     0.94000   -86.45706
     0.95000   -87.06240
     0.96000   -87.66172
     0.97000   -88.25509
     0.98000   -88.84255
     0.99000   -89.42417
     1.00000   -90.00000
     1.01000   -90.57010
     1.02000   -91.13453
     1.03000   -91.69335
     1.04000   -92.24661
     1.05000   -92.79436
     1.06000   -93.33667
     1.07000   -93.87360
     1.08000   -94.40520
     1.09000   -94.93152
     1.10000   -95.45262
     1.11000   -95.96856
     1.12000   -96.47940
     1.13000   -96.98519
     1.14000   -97.48598
     1.15000   -97.98183
     1.16000   -98.47279
     1.17000   -98.95892
     1.18000   -99.44027
     1.19000   -99.91690
     1.20000  -100.38886
     1.21000  -100.85619
     1.22000  -101.31896
     1.23000  -101.77722
     1.24000  -102.23101
     1.25000  -102.68038
     1.26000  -103.12540
     1.27000  -103.56610
     1.28000  -104.00254
     1.29000  -104.43476
     1.30000  -104.86282
     1.31000  -105.28676
     1.32000  -105.70663
     1.33000  -106.12247
     1.34000  -106.53435
     1.35000  -106.94229
     1.36000  -107.34635
     1.37000  -107.74657
     1.38000  -108.14300
     1.39000  -108.53567
     1.40000  -108.92464
     1.41000  -109.30995
     1.42000  -109.69164
     1.43000  -110.06976
     1.44000  -110.44434
     1.45000  -110.81542
     1.46000  -111.18306
     1.47000  -111.54728
     1.48000  -111.90813
     1.49000  -112.26564
     1.50000  -112.61986
     1.51000  -112.97083
     1.52000  -113.31859
     1.53000  -113.66316
     1.54000  -114.00459
     1.55000  -114.34292
     1.56000  -114.67817
     1.57000  -115.01040
     1.58000  -115.33963
     1.59000  -115.66589
     1.60000  -115.98923
     1.61000  -116.30968
     1.62000  -116.62726
     1.63000  -116.94202
     1.64000  -117.25399
     1.65000  -117.56319
     1.66000  -117.86967
     1.67000  -118.17345
     1.68000  -118.47456
     1.69000  -118.77304
     1.70000  -119.06891
     1.71000  -119.36221
     1.72000  -119.65296
     1.73000  -119.94120
     1.74000  -120.22695
     1.75000  -120.51024
     1.76000  -120.79110
     1.77000  -121.06956
     1.78000  -121.34564
     1.79000  -121.61938
     1.80000  -121.89079
     1.81000  -122.15991
     1.82000  -122.42676
     1.83000  -122.69137
     1.84000  -122.95376
     1.85000  -123.21396
     1.86000  -123.47199
     1.87000  -123.72788
     1.88000  -123.98165
     1.89000  -124.23332
     1.90000  -124.48292
     1.91000  -124.73047
     1.92000  -124.97599
     1.93000  -125.21952
     1.94000  -125.46106
     1.95000  -125.70064
     1.96000  -125.93828
     1.97000  -126.17401
     1.98000  -126.40784
     1.99000  -126.63979
     2.00000  -126.86990
     2.01000  -127.09817
     2.02000  -127.32462
     2.03000  -127.54929
     2.04000  -127.77217
     2.05000  -127.99331
     2.06000  -128.21271
     2.07000  -128.43039
     2.08000  -128.64637
     2.09000  -128.86067
     2.10000  -129.07331
     2.11000  -129.28430
     2.12000  -129.49367
     2.13000  -129.70143
     2.14000  -129.90760
     2.15000  -130.11219
     2.16000  -130.31522
     2.17000  -130.51671
     2.18000  -130.71668
     2.19000  -130.91513
     2.20000  -131.11209
     2.21000  -131.30757
     2.22000  -131.50159
     2.23000  -131.69416
     2.24000  -131.88530
     2.25000  -132.07502
     2.26000  -132.26334
     2.27000  -132.45027
     2.28000  -132.63582
     2.29000  -132.82002
     2.30000  -133.00287
     2.31000  -133.18439
     2.32000  -133.36458
     2.33000  -133.54348
     2.34000  -133.72108
     2.35000  -133.89740
     2.36000  -134.07245
     2.37000  -134.24626
     2.38000  -134.41882
     2.39000  -134.59015
     2.40000  -134.76027
     2.41000  -134.92918
     2.42000  -135.09691
     2.43000  -135.26345
     2.44000  -135.42882
     2.45000  -135.59304
     2.46000  -135.75612
     2.47000  -135.91806
     2.48000  -136.07887
     2.49000  -136.23858
     2.50000  -136.39718
     2.51000  -136.55470
     2.52000  -136.71113
     2.53000  -136.86650
     2.54000  -137.02080
     2.55000  -137.17406
     2.56000  -137.32628
     2.57000  -137.47747
     2.58000  -137.62765
     2.59000  -137.77681
     2.60000  -137.92498
     2.61000  -138.07215
     2.62000  -138.21835
     2.63000  -138.36358
     2.64000  -138.50784
     2.65000  -138.65115
     2.66000  -138.79352
     2.67000  -138.93495
     2.68000  -139.07546
     2.69000  -139.21505
     2.70000  -139.35373
     2.71000  -139.49151
     2.72000  -139.62839
     2.73000  -139.76440
     2.74000  -139.89953
     2.75000  -140.03379
     2.76000  -140.16719
     2.77000  -140.29974
     2.78000  -140.43144
     2.79000  -140.56231
     2.80000  -140.69235
     2.81000  -140.82157
     2.82000  -140.94998
     2.83000  -141.07758
     2.84000  -141.20438
     2.85000  -141.33038
     2.86000  -141.45561
     2.87000  -141.58005
     2.88000  -141.70373
     2.89000  -141.82664
     2.90000  -141.94879
     2.91000  -142.07019
     2.92000  -142.19085
     2.93000  -142.31077
     2.94000  -142.42996
     2.95000  -142.54842
     2.96000  -142.66617
     2.97000  -142.78321
     2.98000  -142.89954
     2.99000  -143.01517
     3.00000  -143.13010
     3.01000  -143.24435
     3.02000  -143.35792
     3.03000  -143.47081
     3.04000  -143.58303
     3.05000  -143.69459
     3.06000  -143.80549
     3.07000  -143.91573
     3.08000  -144.02533
     3.09000  -144.13429
     3.10000  -144.24261
     3.11000  -144.35030
     3.12000  -144.45736
     3.13000  -144.56380
     3.14000  -144.66963
     3.15000  -144.77484
     3.16000  -144.87946
     3.17000  -144.98347
     3.18000  -145.08688
     3.19000  -145.18971
     3.20000  -145.29195
     3.21000  -145.39361
     3.22000  -145.49470
     3.23000  -145.59521
     3.24000  -145.69516
     3.25000  -145.79454
     3.26000  -145.89337
     3.27000  -145.99165
     3.28000  -146.08937
     3.29000  -146.18656
     3.30000  -146.28320
     3.31000  -146.37931
     3.32000  -146.47489
     3.33000  -146.56994
     3.34000  -146.66447
     3.35000  -146.75849
     3.36000  -146.85198
     3.37000  -146.94497
     3.38000  -147.03746
     3.39000  -147.12944
     3.40000  -147.22092
     3.41000  -147.31191
     3.42000  -147.40241
     3.43000  -147.49242
     3.44000  -147.58195
     3.45000  -147.67100
     3.46000  -147.75958
     3.47000  -147.84768
     3.48000  -147.93532
     3.49000  -148.02249
     3.50000  -148.10921
     3.51000  -148.19546
     3.52000  -148.28127
     3.53000  -148.36662
     3.54000  -148.45153
     3.55000  -148.53599
     3.56000  -148.62001
     3.57000  -148.70360
     3.58000  -148.78676
     3.59000  -148.86948
     3.60000  -148.95178
     3.61000  -149.03365
     3.62000  -149.11511
     3.63000  -149.19614
     3.64000  -149.27677
     3.65000  -149.35698
     3.66000  -149.43678
     3.67000  -149.51618
     3.68000  -149.59518
     3.69000  -149.67378
     3.70000  -149.75199
     3.71000  -149.82980
     3.72000  -149.90722
     3.73000  -149.98425
     3.74000  -150.06090
     3.75000  -150.13717
     3.76000  -150.21305
     3.77000  -150.28857
     3.78000  -150.36371
     3.79000  -150.43847
     3.80000  -150.51287
     3.81000  -150.58691
     3.82000  -150.66058
     3.83000  -150.73389
     3.84000  -150.80685
     3.85000  -150.87945
     3.86000  -150.95170
     3.87000  -151.02359
     3.88000  -151.09514
     3.89000  -151.16635
     3.90000  -151.23721
     3.91000  -151.30773
     3.92000  -151.37792
     3.93000  -151.44777
     3.94000  -151.51728
     3.95000  -151.58647
     3.96000  -151.65532
     3.97000  -151.72386
     3.98000  -151.79206
     3.99000  -151.85995
     4.00000  -151.92751
