   1.0000e+03   8.7292e-02
   1.1000e+03   1.0573e-01
   1.2000e+03   1.2598e-01
   1.3000e+03   1.4804e-01
   1.4000e+03   1.7193e-01
   1.5000e+03   1.9765e-01
   1.6000e+03   2.2524e-01
   1.7000e+03   2.5471e-01
   1.8000e+03   2.8607e-01
   1.9000e+03   3.1934e-01
   2.0000e+03   3.5456e-01
   2.1000e+03   3.9173e-01
   2.2000e+03   4.3089e-01
   2.3000e+03   4.7206e-01
   2.4000e+03   5.1527e-01
   2.5000e+03   5.6054e-01
   2.6000e+03   6.0792e-01
   2.7000e+03   6.5743e-01
   2.8000e+03   7.0911e-01
   2.9000e+03   7.6300e-01
   3.0000e+03   8.1912e-01
   3.1000e+03   8.7754e-01
   3.2000e+03   9.3829e-01
   3.3000e+03   1.0014e+00
   3.4000e+03   1.0670e+00
   3.5000e+03   1.1350e+00
   3.6000e+03   1.2055e+00
   3.7000e+03   1.2787e+00
   3.8000e+03   1.3545e+00
   3.9000e+03   1.4330e+00
   4.0000e+03   1.5143e+00
   4.1000e+03   1.5985e+00
   4.2000e+03   1.6856e+00
   4.3000e+03   1.7757e+00
   4.4000e+03   1.8689e+00
   4.5000e+03   1.9652e+00
   4.6000e+03   2.0649e+00
   4.7000e+03   2.1680e+00
   4.8000e+03   2.2745e+00
   4.9000e+03   2.3847e+00
   5.0000e+03   2.4986e+00
   5.1000e+03   2.6163e+00
   5.2000e+03   2.7381e+00
   5.3000e+03   2.8640e+00
   5.4000e+03   2.9942e+00
   5.5000e+03   3.1288e+00
   5.6000e+03   3.2682e+00
   5.7000e+03   3.4123e+00
   5.8000e+03   3.5615e+00
   5.9000e+03   3.7160e+00
   6.0000e+03   3.8760e+00
   6.1000e+03   4.0418e+00
   6.2000e+03   4.2136e+00
   6.3000e+03   4.3917e+00
   6.4000e+03   4.5766e+00
   6.5000e+03   4.7684e+00
   6.6000e+03   4.9677e+00
   6.7000e+03   5.1747e+00
   6.8000e+03   5.3901e+00
   6.9000e+03   5.6143e+00
   7.0000e+03   5.8478e+00
   7.1000e+03   6.0912e+00
   7.2000e+03   6.3453e+00
   7.3000e+03   6.6107e+00
   7.4000e+03   6.8884e+00
   7.5000e+03   7.1792e+00
   7.6000e+03   7.4841e+00
   7.7000e+03   7.8044e+00
   7.8000e+03   8.1414e+00
   7.9000e+03   8.4966e+00
   8.0000e+03   8.8718e+00
   8.1000e+03   9.2689e+00
   8.2000e+03   9.6904e+00
   8.3000e+03   1.0139e+01
   8.4000e+03   1.0618e+01
   8.5000e+03   1.1131e+01
   8.6000e+03   1.1682e+01
   8.7000e+03   1.2279e+01
   8.8000e+03   1.2927e+01
   8.9000e+03   1.3635e+01
   9.0000e+03   1.4415e+01
   9.1000e+03   1.5282e+01
   9.2000e+03   1.6257e+01
   9.3000e+03   1.7366e+01
   9.4000e+03   1.8653e+01
   9.5000e+03   2.0179e+01
   9.6000e+03   2.2049e+01
   9.7000e+03   2.4453e+01
   9.8000e+03   2.7788e+01
   9.9000e+03   3.3063e+01
   1.0000e+04   4.0000e+01
   1.0100e+04   3.2958e+01
   1.0200e+04   2.7604e+01
   1.0300e+04   2.4185e+01
   1.0400e+04   2.1696e+01
   1.0500e+04   1.9740e+01
   1.0600e+04   1.8128e+01
   1.0700e+04   1.6755e+01
   1.0800e+04   1.5559e+01
   1.0900e+04   1.4498e+01
   1.1000e+04   1.3544e+01
   1.1100e+04   1.2677e+01
   1.1200e+04   1.1881e+01
   1.1300e+04   1.1146e+01
   1.1400e+04   1.0463e+01
   1.1500e+04   9.8239e+00
   1.1600e+04   9.2236e+00
   1.1700e+04   8.6575e+00
   1.1800e+04   8.1215e+00
   1.1900e+04   7.6125e+00
   1.2000e+04   7.1277e+00
   1.2100e+04   6.6648e+00
   1.2200e+04   6.2218e+00
   1.2300e+04   5.7968e+00
   1.2400e+04   5.3885e+00
   1.2500e+04   4.9954e+00
   1.2600e+04   4.6164e+00
   1.2700e+04   4.2503e+00
   1.2800e+04   3.8964e+00
   1.2900e+04   3.5537e+00
   1.3000e+04   3.2215e+00
   1.3100e+04   2.8991e+00
   1.3200e+04   2.5859e+00
   1.3300e+04   2.2813e+00
   1.3400e+04   1.9849e+00
   1.3500e+04   1.6961e+00
   1.3600e+04   1.4146e+00
   1.3700e+04   1.1399e+00
   1.3800e+04   8.7178e-01
   1.3900e+04   6.0978e-01
   1.4000e+04   3.5365e-01
   1.4100e+04   1.0310e-01
   1.4200e+04  -1.4214e-01
   1.4300e+04  -3.8231e-01
   1.4400e+04  -6.1763e-01
   1.4500e+04  -8.4832e-01
   1.4600e+04  -1.0746e+00
   1.4700e+04  -1.2966e+00
   1.4800e+04  -1.5145e+00
   1.4900e+04  -1.7286e+00
   1.5000e+04  -1.9388e+00
   1.5100e+04  -2.1455e+00
   1.5200e+04  -2.3487e+00
   1.5300e+04  -2.5485e+00
   1.5400e+04  -2.7451e+00
   1.5500e+04  -2.9386e+00
   1.5600e+04  -3.1291e+00
   1.5700e+04  -3.3167e+00
   1.5800e+04  -3.5014e+00
   1.5900e+04  -3.6835e+00
   1.6000e+04  -3.8629e+00
   1.6100e+04  -4.0399e+00
   1.6200e+04  -4.2143e+00
   1.6300e+04  -4.3863e+00
   1.6400e+04  -4.5561e+00
   1.6500e+04  -4.7236e+00
   1.6600e+04  -4.8889e+00
   1.6700e+04  -5.0521e+00
   1.6800e+04  -5.2132e+00
   1.6900e+04  -5.3724e+00
   1.7000e+04  -5.5296e+00
   1.7100e+04  -5.6849e+00
   1.7200e+04  -5.8384e+00
   1.7300e+04  -5.9900e+00
   1.7400e+04  -6.1400e+00
   1.7500e+04  -6.2882e+00
   1.7600e+04  -6.4348e+00
   1.7700e+04  -6.5797e+00
   1.7800e+04  -6.7231e+00
   1.7900e+04  -6.8649e+00
   1.8000e+04  -7.0052e+00
   1.8100e+04  -7.1441e+00
   1.8200e+04  -7.2815e+00
   1.8300e+04  -7.4176e+00
   1.8400e+04  -7.5522e+00
   1.8500e+04  -7.6855e+00
   1.8600e+04  -7.8175e+00
   1.8700e+04  -7.9483e+00
   1.8800e+04  -8.0777e+00
   1.8900e+04  -8.2060e+00
   1.9000e+04  -8.3330e+00
   1.9100e+04  -8.4589e+00
   1.9200e+04  -8.5836e+00
   1.9300e+04  -8.7072e+00
   1.9400e+04  -8.8297e+00
   1.9500e+04  -8.9511e+00
   1.9600e+04  -9.0715e+00
   1.9700e+04  -9.1908e+00
   1.9800e+04  -9.3090e+00
   1.9900e+04  -9.4263e+00
   2.0000e+04  -9.5426e+00
   2.0100e+04  -9.6579e+00
   2.0200e+04  -9.7723e+00
   2.0300e+04  -9.8858e+00
   2.0400e+04  -9.9983e+00
   2.0500e+04  -1.0110e+01
   2.0600e+04  -1.0221e+01
   2.0700e+04  -1.0331e+01
   2.0800e+04  -1.0440e+01
   2.0900e+04  -1.0548e+01
   2.1000e+04  -1.0655e+01
   2.1100e+04  -1.0762e+01
   2.1200e+04  -1.0868e+01
   2.1300e+04  -1.0973e+01
   2.1400e+04  -1.1077e+01
   2.1500e+04  -1.1180e+01
   2.1600e+04  -1.1283e+01
   2.1700e+04  -1.1385e+01
   2.1800e+04  -1.1486e+01
   2.1900e+04  -1.1587e+01
   2.2000e+04  -1.1687e+01
   2.2100e+04  -1.1786e+01
   2.2200e+04  -1.1884e+01
   2.2300e+04  -1.1982e+01
   2.2400e+04  -1.2079e+01
   2.2500e+04  -1.2176e+01
   2.2600e+04  -1.2272e+01
   2.2700e+04  -1.2367e+01
   2.2800e+04  -1.2462e+01
   2.2900e+04  -1.2556e+01
   2.3000e+04  -1.2649e+01
   2.3100e+04  -1.2742e+01
   2.3200e+04  -1.2834e+01
   2.3300e+04  -1.2926e+01
   2.3400e+04  -1.3017e+01
   2.3500e+04  -1.3108e+01
   2.3600e+04  -1.3198e+01
   2.3700e+04  -1.3287e+01
   2.3800e+04  -1.3376e+01
   2.3900e+04  -1.3464e+01
   2.4000e+04  -1.3552e+01
   2.4100e+04  -1.3640e+01
   2.4200e+04  -1.3726e+01
   2.4300e+04  -1.3813e+01
   2.4400e+04  -1.3899e+01
   2.4500e+04  -1.3984e+01
   2.4600e+04  -1.4069e+01
   2.4700e+04  -1.4153e+01
   2.4800e+04  -1.4237e+01
   2.4900e+04  -1.4320e+01
   2.5000e+04  -1.4403e+01
   2.5100e+04  -1.4486e+01
   2.5200e+04  -1.4568e+01
   2.5300e+04  -1.4649e+01
   2.5400e+04  -1.4731e+01
   2.5500e+04  -1.4811e+01
   2.5600e+04  -1.4892e+01
   2.5700e+04  -1.4971e+01
   2.5800e+04  -1.5051e+01
   2.5900e+04  -1.5130e+01
   2.6000e+04  -1.5209e+01
   2.6100e+04  -1.5287e+01
   2.6200e+04  -1.5365e+01
   2.6300e+04  -1.5442e+01
   2.6400e+04  -1.5519e+01
   2.6500e+04  -1.5596e+01
   2.6600e+04  -1.5672e+01
   2.6700e+04  -1.5748e+01
   2.6800e+04  -1.5823e+01
   2.6900e+04  -1.5898e+01
   2.7000e+04  -1.5973e+01
   2.7100e+04  -1.6047e+01
   2.7200e+04  -1.6122e+01
   2.7300e+04  -1.6195e+01
   2.7400e+04  -1.6268e+01
   2.7500e+04  -1.6341e+01
   2.7600e+04  -1.6414e+01
   2.7700e+04  -1.6486e+01
   2.7800e+04  -1.6558e+01
   2.7900e+04  -1.6630e+01
   2.8000e+04  -1.6701e+01
   2.8100e+04  -1.6772e+01
   2.8200e+04  -1.6843e+01
   2.8300e+04  -1.6913e+01
   2.8400e+04  -1.6983e+01
   2.8500e+04  -1.7053e+01
   2.8600e+04  -1.7122e+01
   2.8700e+04  -1.7191e+01
   2.8800e+04  -1.7260e+01
   2.8900e+04  -1.7328e+01
   2.9000e+04  -1.7396e+01
   2.9100e+04  -1.7464e+01
   2.9200e+04  -1.7532e+01
   2.9300e+04  -1.7599e+01
   2.9400e+04  -1.7666e+01
   2.9500e+04  -1.7733e+01
   2.9600e+04  -1.7799e+01
   2.9700e+04  -1.7865e+01
   2.9800e+04  -1.7931e+01
   2.9900e+04  -1.7997e+01
   3.0000e+04  -1.8062e+01
   3.0100e+04  -1.8127e+01
   3.0200e+04  -1.8192e+01
   3.0300e+04  -1.8256e+01
   3.0400e+04  -1.8320e+01
   3.0500e+04  -1.8384e+01
   3.0600e+04  -1.8448e+01
   3.0700e+04  -1.8511e+01
   3.0800e+04  -1.8575e+01
   3.0900e+04  -1.8637e+01
   3.1000e+04  -1.8700e+01
   3.1100e+04  -1.8763e+01
   3.1200e+04  -1.8825e+01
   3.1300e+04  -1.8887e+01
   3.1400e+04  -1.8948e+01
   3.1500e+04  -1.9010e+01
   3.1600e+04  -1.9071e+01
   3.1700e+04  -1.9132e+01
   3.1800e+04  -1.9193e+01
   3.1900e+04  -1.9253e+01
   3.2000e+04  -1.9313e+01
   3.2100e+04  -1.9374e+01
   3.2200e+04  -1.9433e+01
   3.2300e+04  -1.9493e+01
   3.2400e+04  -1.9552e+01
   3.2500e+04  -1.9611e+01
   3.2600e+04  -1.9670e+01
   3.2700e+04  -1.9729e+01
   3.2800e+04  -1.9788e+01
   3.2900e+04  -1.9846e+01
   3.3000e+04  -1.9904e+01
   3.3100e+04  -1.9962e+01
   3.3200e+04  -2.0019e+01
   3.3300e+04  -2.0077e+01
   3.3400e+04  -2.0134e+01
   3.3500e+04  -2.0191e+01
   3.3600e+04  -2.0248e+01
   3.3700e+04  -2.0305e+01
   3.3800e+04  -2.0361e+01
   3.3900e+04  -2.0417e+01
   3.4000e+04  -2.0473e+01
   3.4100e+04  -2.0529e+01
   3.4200e+04  -2.0585e+01
   3.4300e+04  -2.0640e+01
   3.4400e+04  -2.0695e+01
   3.4500e+04  -2.0751e+01
   3.4600e+04  -2.0805e+01
   3.4700e+04  -2.0860e+01
   3.4800e+04  -2.0915e+01
   3.4900e+04  -2.0969e+01
   3.5000e+04  -2.1023e+01
   3.5100e+04  -2.1077e+01
   3.5200e+04  -2.1131e+01
   3.5300e+04  -2.1184e+01
   3.5400e+04  -2.1238e+01
   3.5500e+04  -2.1291e+01
   3.5600e+04  -2.1344e+01
   3.5700e+04  -2.1397e+01
   3.5800e+04  -2.1450e+01
   3.5900e+04  -2.1502e+01
   3.6000e+04  -2.1555e+01
   3.6100e+04  -2.1607e+01
   3.6200e+04  -2.1659e+01
   3.6300e+04  -2.1711e+01
   3.6400e+04  -2.1762e+01
   3.6500e+04  -2.1814e+01
   3.6600e+04  -2.1865e+01
   3.6700e+04  -2.1917e+01
   3.6800e+04  -2.1968e+01
   3.6900e+04  -2.2019e+01
   3.7000e+04  -2.2069e+01
   3.7100e+04  -2.2120e+01
   3.7200e+04  -2.2170e+01
   3.7300e+04  -2.2221e+01
   3.7400e+04  -2.2271e+01
   3.7500e+04  -2.2321e+01
   3.7600e+04  -2.2370e+01
   3.7700e+04  -2.2420e+01
   3.7800e+04  -2.2469e+01
   3.7900e+04  -2.2519e+01
   3.8000e+04  -2.2568e+01
   3.8100e+04  -2.2617e+01
   3.8200e+04  -2.2666e+01
   3.8300e+04  -2.2715e+01
   3.8400e+04  -2.2763e+01
   3.8500e+04  -2.2812e+01
   3.8600e+04  -2.2860e+01
   3.8700e+04  -2.2908e+01
   3.8800e+04  -2.2956e+01
   3.8900e+04  -2.3004e+01
   3.9000e+04  -2.3052e+01
   3.9100e+04  -2.3100e+01
   3.9200e+04  -2.3147e+01
   3.9300e+04  -2.3194e+01
   3.9400e+04  -2.3242e+01
   3.9500e+04  -2.3289e+01
   3.9600e+04  -2.3335e+01
   3.9700e+04  -2.3382e+01
   3.9800e+04  -2.3429e+01
   3.9900e+04  -2.3475e+01
   4.0000e+04  -2.3522e+01
   4.0100e+04  -2.3568e+01
   4.0200e+04  -2.3614e+01
   4.0300e+04  -2.3660e+01
   4.0400e+04  -2.3706e+01
   4.0500e+04  -2.3752e+01
   4.0600e+04  -2.3797e+01
   4.0700e+04  -2.3843e+01
   4.0800e+04  -2.3888e+01
   4.0900e+04  -2.3934e+01
   4.1000e+04  -2.3979e+01
   4.1100e+04  -2.4024e+01
   4.1200e+04  -2.4069e+01
   4.1300e+04  -2.4113e+01
   4.1400e+04  -2.4158e+01
   4.1500e+04  -2.4202e+01
   4.1600e+04  -2.4247e+01
   4.1700e+04  -2.4291e+01
   4.1800e+04  -2.4335e+01
   4.1900e+04  -2.4379e+01
   4.2000e+04  -2.4423e+01
   4.2100e+04  -2.4467e+01
   4.2200e+04  -2.4511e+01
   4.2300e+04  -2.4554e+01
   4.2400e+04  -2.4598e+01
   4.2500e+04  -2.4641e+01
   4.2600e+04  -2.4684e+01
   4.2700e+04  -2.4727e+01
   4.2800e+04  -2.4770e+01
   4.2900e+04  -2.4813e+01
   4.3000e+04  -2.4856e+01
   4.3100e+04  -2.4898e+01
   4.3200e+04  -2.4941e+01
   4.3300e+04  -2.4983e+01
   4.3400e+04  -2.5026e+01
   4.3500e+04  -2.5068e+01
   4.3600e+04  -2.5110e+01
   4.3700e+04  -2.5152e+01
   4.3800e+04  -2.5194e+01
   4.3900e+04  -2.5236e+01
   4.4000e+04  -2.5277e+01
   4.4100e+04  -2.5319e+01
   4.4200e+04  -2.5361e+01
   4.4300e+04  -2.5402e+01
   4.4400e+04  -2.5443e+01
   4.4500e+04  -2.5484e+01
   4.4600e+04  -2.5525e+01
   4.4700e+04  -2.5566e+01
   4.4800e+04  -2.5607e+01
   4.4900e+04  -2.5648e+01
   4.5000e+04  -2.5689e+01
   4.5100e+04  -2.5729e+01
   4.5200e+04  -2.5770e+01
   4.5300e+04  -2.5810e+01
   4.5400e+04  -2.5850e+01
   4.5500e+04  -2.5890e+01
   4.5600e+04  -2.5931e+01
   4.5700e+04  -2.5970e+01
   4.5800e+04  -2.6010e+01
   4.5900e+04  -2.6050e+01
   4.6000e+04  -2.6090e+01
   4.6100e+04  -2.6129e+01
   4.6200e+04  -2.6169e+01
   4.6300e+04  -2.6208e+01
   4.6400e+04  -2.6248e+01
   4.6500e+04  -2.6287e+01
   4.6600e+04  -2.6326e+01
   4.6700e+04  -2.6365e+01
   4.6800e+04  -2.6404e+01
   4.6900e+04  -2.6443e+01
   4.7000e+04  -2.6482e+01
   4.7100e+04  -2.6520e+01
   4.7200e+04  -2.6559e+01
   4.7300e+04  -2.6597e+01
   4.7400e+04  -2.6636e+01
   4.7500e+04  -2.6674e+01
   4.7600e+04  -2.6712e+01
   4.7700e+04  -2.6750e+01
   4.7800e+04  -2.6788e+01
   4.7900e+04  -2.6826e+01
   4.8000e+04  -2.6864e+01
   4.8100e+04  -2.6902e+01
   4.8200e+04  -2.6940e+01
   4.8300e+04  -2.6977e+01
   4.8400e+04  -2.7015e+01
   4.8500e+04  -2.7052e+01
   4.8600e+04  -2.7090e+01
   4.8700e+04  -2.7127e+01
   4.8800e+04  -2.7164e+01
   4.8900e+04  -2.7201e+01
   4.9000e+04  -2.7238e+01
   4.9100e+04  -2.7275e+01
   4.9200e+04  -2.7312e+01
   4.9300e+04  -2.7349e+01
   4.9400e+04  -2.7386e+01
   4.9500e+04  -2.7422e+01
   4.9600e+04  -2.7459e+01
   4.9700e+04  -2.7495e+01
   4.9800e+04  -2.7532e+01
   4.9900e+04  -2.7568e+01
   5.0000e+04  -2.7604e+01
   5.0100e+04  -2.7640e+01
   5.0200e+04  -2.7676e+01
   5.0300e+04  -2.7712e+01
   5.0400e+04  -2.7748e+01
   5.0500e+04  -2.7784e+01
   5.0600e+04  -2.7820e+01
   5.0700e+04  -2.7856e+01
   5.0800e+04  -2.7891e+01
   5.0900e+04  -2.7927e+01
   5.1000e+04  -2.7962e+01
   5.1100e+04  -2.7998e+01
   5.1200e+04  -2.8033e+01
   5.1300e+04  -2.8068e+01
   5.1400e+04  -2.8103e+01
   5.1500e+04  -2.8138e+01
   5.1600e+04  -2.8173e+01
   5.1700e+04  -2.8208e+01
   5.1800e+04  -2.8243e+01
   5.1900e+04  -2.8278e+01
   5.2000e+04  -2.8313e+01
   5.2100e+04  -2.8347e+01
   5.2200e+04  -2.8382e+01
   5.2300e+04  -2.8417e+01
   5.2400e+04  -2.8451e+01
   5.2500e+04  -2.8485e+01
   5.2600e+04  -2.8520e+01
   5.2700e+04  -2.8554e+01
   5.2800e+04  -2.8588e+01
   5.2900e+04  -2.8622e+01
   5.3000e+04  -2.8656e+01
   5.3100e+04  -2.8690e+01
   5.3200e+04  -2.8724e+01
   5.3300e+04  -2.8758e+01
   5.3400e+04  -2.8792e+01
   5.3500e+04  -2.8825e+01
   5.3600e+04  -2.8859e+01
   5.3700e+04  -2.8892e+01
   5.3800e+04  -2.8926e+01
   5.3900e+04  -2.8959e+01
   5.4000e+04  -2.8993e+01
   5.4100e+04  -2.9026e+01
   5.4200e+04  -2.9059e+01
   5.4300e+04  -2.9092e+01
   5.4400e+04  -2.9125e+01
   5.4500e+04  -2.9158e+01
   5.4600e+04  -2.9191e+01
   5.4700e+04  -2.9224e+01
   5.4800e+04  -2.9257e+01
   5.4900e+04  -2.9290e+01
   5.5000e+04  -2.9323e+01
   5.5100e+04  -2.9355e+01
   5.5200e+04  -2.9388e+01
   5.5300e+04  -2.9420e+01
   5.5400e+04  -2.9453e+01
   5.5500e+04  -2.9485e+01
   5.5600e+04  -2.9517e+01
   5.5700e+04  -2.9550e+01
   5.5800e+04  -2.9582e+01
   5.5900e+04  -2.9614e+01
   5.6000e+04  -2.9646e+01
   5.6100e+04  -2.9678e+01
   5.6200e+04  -2.9710e+01
   5.6300e+04  -2.9742e+01
   5.6400e+04  -2.9774e+01
   5.6500e+04  -2.9806e+01
   5.6600e+04  -2.9837e+01
   5.6700e+04  -2.9869e+01
   5.6800e+04  -2.9900e+01
   5.6900e+04  -2.9932e+01
   5.7000e+04  -2.9963e+01
   5.7100e+04  -2.9995e+01
   5.7200e+04  -3.0026e+01
   5.7300e+04  -3.0058e+01
   5.7400e+04  -3.0089e+01
   5.7500e+04  -3.0120e+01
   5.7600e+04  -3.0151e+01
   5.7700e+04  -3.0182e+01
   5.7800e+04  -3.0213e+01
   5.7900e+04  -3.0244e+01
   5.8000e+04  -3.0275e+01
   5.8100e+04  -3.0306e+01
   5.8200e+04  -3.0337e+01
   5.8300e+04  -3.0367e+01
   5.8400e+04  -3.0398e+01
   5.8500e+04  -3.0429e+01
   5.8600e+04  -3.0459e+01
   5.8700e+04  -3.0490e+01
   5.8800e+04  -3.0520e+01
   5.8900e+04  -3.0551e+01
   5.9000e+04  -3.0581e+01
   5.9100e+04  -3.0611e+01
   5.9200e+04  -3.0641e+01
   5.9300e+04  -3.0672e+01
   5.9400e+04  -3.0702e+01
   5.9500e+04  -3.0732e+01
   5.9600e+04  -3.0762e+01
   5.9700e+04  -3.0792e+01
   5.9800e+04  -3.0822e+01
   5.9900e+04  -3.0852e+01
   6.0000e+04  -3.0881e+01
   6.0100e+04  -3.0911e+01
   6.0200e+04  -3.0941e+01
   6.0300e+04  -3.0970e+01
   6.0400e+04  -3.1000e+01
   6.0500e+04  -3.1030e+01
   6.0600e+04  -3.1059e+01
   6.0700e+04  -3.1089e+01
   6.0800e+04  -3.1118e+01
   6.0900e+04  -3.1147e+01
   6.1000e+04  -3.1177e+01
   6.1100e+04  -3.1206e+01
   6.1200e+04  -3.1235e+01
   6.1300e+04  -3.1264e+01
   6.1400e+04  -3.1293e+01
   6.1500e+04  -3.1322e+01
   6.1600e+04  -3.1351e+01
   6.1700e+04  -3.1380e+01
   6.1800e+04  -3.1409e+01
   6.1900e+04  -3.1438e+01
   6.2000e+04  -3.1467e+01
   6.2100e+04  -3.1495e+01
   6.2200e+04  -3.1524e+01
   6.2300e+04  -3.1553e+01
   6.2400e+04  -3.1581e+01
   6.2500e+04  -3.1610e+01
   6.2600e+04  -3.1638e+01
   6.2700e+04  -3.1667e+01
   6.2800e+04  -3.1695e+01
   6.2900e+04  -3.1724e+01
   6.3000e+04  -3.1752e+01
   6.3100e+04  -3.1780e+01
   6.3200e+04  -3.1808e+01
   6.3300e+04  -3.1837e+01
   6.3400e+04  -3.1865e+01
   6.3500e+04  -3.1893e+01
   6.3600e+04  -3.1921e+01
   6.3700e+04  -3.1949e+01
   6.3800e+04  -3.1977e+01
   6.3900e+04  -3.2005e+01
   6.4000e+04  -3.2033e+01
   6.4100e+04  -3.2060e+01
   6.4200e+04  -3.2088e+01
   6.4300e+04  -3.2116e+01
   6.4400e+04  -3.2143e+01
   6.4500e+04  -3.2171e+01
   6.4600e+04  -3.2199e+01
   6.4700e+04  -3.2226e+01
   6.4800e+04  -3.2254e+01
   6.4900e+04  -3.2281e+01
   6.5000e+04  -3.2308e+01
   6.5100e+04  -3.2336e+01
   6.5200e+04  -3.2363e+01
   6.5300e+04  -3.2390e+01
   6.5400e+04  -3.2418e+01
   6.5500e+04  -3.2445e+01
   6.5600e+04  -3.2472e+01
   6.5700e+04  -3.2499e+01
   6.5800e+04  -3.2526e+01
   6.5900e+04  -3.2553e+01
   6.6000e+04  -3.2580e+01
   6.6100e+04  -3.2607e+01
   6.6200e+04  -3.2634e+01
   6.6300e+04  -3.2661e+01
   6.6400e+04  -3.2687e+01
   6.6500e+04  -3.2714e+01
   6.6600e+04  -3.2741e+01
   6.6700e+04  -3.2768e+01
   6.6800e+04  -3.2794e+01
   6.6900e+04  -3.2821e+01
   6.7000e+04  -3.2847e+01
   6.7100e+04  -3.2874e+01
   6.7200e+04  -3.2900e+01
   6.7300e+04  -3.2927e+01
   6.7400e+04  -3.2953e+01
   6.7500e+04  -3.2979e+01
   6.7600e+04  -3.3006e+01
   6.7700e+04  -3.3032e+01
   6.7800e+04  -3.3058e+01
   6.7900e+04  -3.3084e+01
   6.8000e+04  -3.3110e+01
   6.8100e+04  -3.3137e+01
   6.8200e+04  -3.3163e+01
   6.8300e+04  -3.3189e+01
   6.8400e+04  -3.3215e+01
   6.8500e+04  -3.3241e+01
   6.8600e+04  -3.3266e+01
   6.8700e+04  -3.3292e+01
   6.8800e+04  -3.3318e+01
   6.8900e+04  -3.3344e+01
   6.9000e+04  -3.3370e+01
   6.9100e+04  -3.3395e+01
   6.9200e+04  -3.3421e+01
   6.9300e+04  -3.3447e+01
   6.9400e+04  -3.3472e+01
   6.9500e+04  -3.3498e+01
   6.9600e+04  -3.3523e+01
   6.9700e+04  -3.3549e+01
   6.9800e+04  -3.3574e+01
   6.9900e+04  -3.3599e+01
   7.0000e+04  -3.3625e+01
   7.0100e+04  -3.3650e+01
   7.0200e+04  -3.3675e+01
   7.0300e+04  -3.3701e+01
   7.0400e+04  -3.3726e+01
   7.0500e+04  -3.3751e+01
   7.0600e+04  -3.3776e+01
   7.0700e+04  -3.3801e+01
   7.0800e+04  -3.3826e+01
   7.0900e+04  -3.3851e+01
   7.1000e+04  -3.3876e+01
   7.1100e+04  -3.3901e+01
   7.1200e+04  -3.3926e+01
   7.1300e+04  -3.3951e+01
   7.1400e+04  -3.3976e+01
   7.1500e+04  -3.4001e+01
   7.1600e+04  -3.4025e+01
   7.1700e+04  -3.4050e+01
   7.1800e+04  -3.4075e+01
   7.1900e+04  -3.4099e+01
   7.2000e+04  -3.4124e+01
   7.2100e+04  -3.4149e+01
   7.2200e+04  -3.4173e+01
   7.2300e+04  -3.4198e+01
   7.2400e+04  -3.4222e+01
   7.2500e+04  -3.4247e+01
   7.2600e+04  -3.4271e+01
   7.2700e+04  -3.4295e+01
   7.2800e+04  -3.4320e+01
   7.2900e+04  -3.4344e+01
   7.3000e+04  -3.4368e+01
   7.3100e+04  -3.4393e+01
   7.3200e+04  -3.4417e+01
   7.3300e+04  -3.4441e+01
   7.3400e+04  -3.4465e+01
   7.3500e+04  -3.4489e+01
   7.3600e+04  -3.4513e+01
   7.3700e+04  -3.4537e+01
   7.3800e+04  -3.4561e+01
   7.3900e+04  -3.4585e+01
   7.4000e+04  -3.4609e+01
   7.4100e+04  -3.4633e+01
   7.4200e+04  -3.4657e+01
   7.4300e+04  -3.4681e+01
   7.4400e+04  -3.4705e+01
   7.4500e+04  -3.4728e+01
   7.4600e+04  -3.4752e+01
   7.4700e+04  -3.4776e+01
   7.4800e+04  -3.4799e+01
   7.4900e+04  -3.4823e+01
   7.5000e+04  -3.4847e+01
   7.5100e+04  -3.4870e+01
   7.5200e+04  -3.4894e+01
   7.5300e+04  -3.4917e+01
   7.5400e+04  -3.4941e+01
   7.5500e+04  -3.4964e+01
   7.5600e+04  -3.4988e+01
   7.5700e+04  -3.5011e+01
   7.5800e+04  -3.5034e+01
   7.5900e+04  -3.5058e+01
   7.6000e+04  -3.5081e+01
   7.6100e+04  -3.5104e+01
   7.6200e+04  -3.5127e+01
   7.6300e+04  -3.5150e+01
   7.6400e+04  -3.5174e+01
   7.6500e+04  -3.5197e+01
   7.6600e+04  -3.5220e+01
   7.6700e+04  -3.5243e+01
   7.6800e+04  -3.5266e+01
   7.6900e+04  -3.5289e+01
   7.7000e+04  -3.5312e+01
   7.7100e+04  -3.5335e+01
   7.7200e+04  -3.5358e+01
   7.7300e+04  -3.5381e+01
   7.7400e+04  -3.5403e+01
   7.7500e+04  -3.5426e+01
   7.7600e+04  -3.5449e+01
   7.7700e+04  -3.5472e+01
   7.7800e+04  -3.5494e+01
   7.7900e+04  -3.5517e+01
   7.8000e+04  -3.5540e+01
   7.8100e+04  -3.5562e+01
   7.8200e+04  -3.5585e+01
   7.8300e+04  -3.5608e+01
   7.8400e+04  -3.5630e+01
   7.8500e+04  -3.5653e+01
   7.8600e+04  -3.5675e+01
   7.8700e+04  -3.5698e+01
   7.8800e+04  -3.5720e+01
   7.8900e+04  -3.5742e+01
   7.9000e+04  -3.5765e+01
   7.9100e+04  -3.5787e+01
   7.9200e+04  -3.5809e+01
   7.9300e+04  -3.5832e+01
   7.9400e+04  -3.5854e+01
   7.9500e+04  -3.5876e+01
   7.9600e+04  -3.5898e+01
   7.9700e+04  -3.5921e+01
   7.9800e+04  -3.5943e+01
   7.9900e+04  -3.5965e+01
   8.0000e+04  -3.5987e+01
   8.0100e+04  -3.6009e+01
   8.0200e+04  -3.6031e+01
   8.0300e+04  -3.6053e+01
   8.0400e+04  -3.6075e+01
   8.0500e+04  -3.6097e+01
   8.0600e+04  -3.6119e+01
   8.0700e+04  -3.6141e+01
   8.0800e+04  -3.6162e+01
   8.0900e+04  -3.6184e+01
   8.1000e+04  -3.6206e+01
   8.1100e+04  -3.6228e+01
   8.1200e+04  -3.6250e+01
   8.1300e+04  -3.6271e+01
   8.1400e+04  -3.6293e+01
   8.1500e+04  -3.6315e+01
   8.1600e+04  -3.6336e+01
   8.1700e+04  -3.6358e+01
   8.1800e+04  -3.6379e+01
   8.1900e+04  -3.6401e+01
   8.2000e+04  -3.6422e+01
   8.2100e+04  -3.6444e+01
   8.2200e+04  -3.6465e+01
   8.2300e+04  -3.6487e+01
   8.2400e+04  -3.6508e+01
   8.2500e+04  -3.6530e+01
   8.2600e+04  -3.6551e+01
   8.2700e+04  -3.6572e+01
   8.2800e+04  -3.6594e+01
   8.2900e+04  -3.6615e+01
   8.3000e+04  -3.6636e+01
   8.3100e+04  -3.6657e+01
   8.3200e+04  -3.6679e+01
   8.3300e+04  -3.6700e+01
   8.3400e+04  -3.6721e+01
   8.3500e+04  -3.6742e+01
   8.3600e+04  -3.6763e+01
   8.3700e+04  -3.6784e+01
   8.3800e+04  -3.6805e+01
   8.3900e+04  -3.6826e+01
   8.4000e+04  -3.6847e+01
   8.4100e+04  -3.6868e+01
   8.4200e+04  -3.6889e+01
   8.4300e+04  -3.6910e+01
   8.4400e+04  -3.6931e+01
   8.4500e+04  -3.6952e+01
   8.4600e+04  -3.6973e+01
   8.4700e+04  -3.6993e+01
   8.4800e+04  -3.7014e+01
   8.4900e+04  -3.7035e+01
   8.5000e+04  -3.7056e+01
   8.5100e+04  -3.7076e+01
   8.5200e+04  -3.7097e+01
   8.5300e+04  -3.7118e+01
   8.5400e+04  -3.7138e+01
   8.5500e+04  -3.7159e+01
   8.5600e+04  -3.7180e+01
   8.5700e+04  -3.7200e+01
   8.5800e+04  -3.7221e+01
   8.5900e+04  -3.7241e+01
   8.6000e+04  -3.7262e+01
   8.6100e+04  -3.7282e+01
   8.6200e+04  -3.7303e+01
   8.6300e+04  -3.7323e+01
   8.6400e+04  -3.7343e+01
   8.6500e+04  -3.7364e+01
   8.6600e+04  -3.7384e+01
   8.6700e+04  -3.7404e+01
   8.6800e+04  -3.7425e+01
   8.6900e+04  -3.7445e+01
   8.7000e+04  -3.7465e+01
   8.7100e+04  -3.7485e+01
   8.7200e+04  -3.7506e+01
   8.7300e+04  -3.7526e+01
   8.7400e+04  -3.7546e+01
   8.7500e+04  -3.7566e+01
   8.7600e+04  -3.7586e+01
   8.7700e+04  -3.7606e+01
   8.7800e+04  -3.7626e+01
   8.7900e+04  -3.7646e+01
   8.8000e+04  -3.7666e+01
   8.8100e+04  -3.7686e+01
   8.8200e+04  -3.7706e+01
   8.8300e+04  -3.7726e+01
   8.8400e+04  -3.7746e+01
   8.8500e+04  -3.7766e+01
   8.8600e+04  -3.7786e+01
   8.8700e+04  -3.7806e+01
   8.8800e+04  -3.7826e+01
   8.8900e+04  -3.7845e+01
   8.9000e+04  -3.7865e+01
   8.9100e+04  -3.7885e+01
   8.9200e+04  -3.7905e+01
   8.9300e+04  -3.7924e+01
   8.9400e+04  -3.7944e+01
   8.9500e+04  -3.7964e+01
   8.9600e+04  -3.7983e+01
   8.9700e+04  -3.8003e+01
   8.9800e+04  -3.8023e+01
   8.9900e+04  -3.8042e+01
   9.0000e+04  -3.8062e+01
   9.0100e+04  -3.8081e+01
   9.0200e+04  -3.8101e+01
   9.0300e+04  -3.8120e+01
   9.0400e+04  -3.8140e+01
   9.0500e+04  -3.8159e+01
   9.0600e+04  -3.8179e+01
   9.0700e+04  -3.8198e+01
   9.0800e+04  -3.8217e+01
   9.0900e+04  -3.8237e+01
   9.1000e+04  -3.8256e+01
   9.1100e+04  -3.8275e+01
   9.1200e+04  -3.8295e+01
   9.1300e+04  -3.8314e+01
   9.1400e+04  -3.8333e+01
   9.1500e+04  -3.8352e+01
   9.1600e+04  -3.8372e+01
   9.1700e+04  -3.8391e+01
   9.1800e+04  -3.8410e+01
   9.1900e+04  -3.8429e+01
   9.2000e+04  -3.8448e+01
   9.2100e+04  -3.8467e+01
   9.2200e+04  -3.8486e+01
   9.2300e+04  -3.8506e+01
   9.2400e+04  -3.8525e+01
   9.2500e+04  -3.8544e+01
   9.2600e+04  -3.8563e+01
   9.2700e+04  -3.8582e+01
   9.2800e+04  -3.8600e+01
   9.2900e+04  -3.8619e+01
   9.3000e+04  -3.8638e+01
   9.3100e+04  -3.8657e+01
   9.3200e+04  -3.8676e+01
   9.3300e+04  -3.8695e+01
   9.3400e+04  -3.8714e+01
   9.3500e+04  -3.8733e+01
   9.3600e+04  -3.8751e+01
   9.3700e+04  -3.8770e+01
   9.3800e+04  -3.8789e+01
   9.3900e+04  -3.8808e+01
   9.4000e+04  -3.8826e+01
   9.4100e+04  -3.8845e+01
   9.4200e+04  -3.8864e+01
   9.4300e+04  -3.8882e+01
   9.4400e+04  -3.8901e+01
   9.4500e+04  -3.8919e+01
   9.4600e+04  -3.8938e+01
   9.4700e+04  -3.8957e+01
   9.4800e+04  -3.8975e+01
   9.4900e+04  -3.8994e+01
   9.5000e+04  -3.9012e+01
   9.5100e+04  -3.9031e+01
   9.5200e+04  -3.9049e+01
   9.5300e+04  -3.9068e+01
   9.5400e+04  -3.9086e+01
   9.5500e+04  -3.9104e+01
   9.5600e+04  -3.9123e+01
   9.5700e+04  -3.9141e+01
   9.5800e+04  -3.9159e+01
   9.5900e+04  -3.9178e+01
   9.6000e+04  -3.9196e+01
   9.6100e+04  -3.9214e+01
   9.6200e+04  -3.9233e+01
   9.6300e+04  -3.9251e+01
   9.6400e+04  -3.9269e+01
   9.6500e+04  -3.9287e+01
   9.6600e+04  -3.9306e+01
   9.6700e+04  -3.9324e+01
   9.6800e+04  -3.9342e+01
   9.6900e+04  -3.9360e+01
   9.7000e+04  -3.9378e+01
   9.7100e+04  -3.9396e+01
   9.7200e+04  -3.9414e+01
   9.7300e+04  -3.9432e+01
   9.7400e+04  -3.9450e+01
   9.7500e+04  -3.9468e+01
   9.7600e+04  -3.9486e+01
   9.7700e+04  -3.9504e+01
   9.7800e+04  -3.9522e+01
   9.7900e+04  -3.9540e+01
   9.8000e+04  -3.9558e+01
   9.8100e+04  -3.9576e+01
   9.8200e+04  -3.9594e+01
   9.8300e+04  -3.9612e+01
   9.8400e+04  -3.9630e+01
   9.8500e+04  -3.9647e+01
   9.8600e+04  -3.9665e+01
   9.8700e+04  -3.9683e+01
   9.8800e+04  -3.9701e+01
   9.8900e+04  -3.9719e+01
   9.9000e+04  -3.9736e+01
   9.9100e+04  -3.9754e+01
   9.9200e+04  -3.9772e+01
   9.9300e+04  -3.9789e+01
   9.9400e+04  -3.9807e+01
   9.9500e+04  -3.9825e+01
   9.9600e+04  -3.9842e+01
   9.9700e+04  -3.9860e+01
   9.9800e+04  -3.9878e+01
   9.9900e+04  -3.9895e+01
   1.0000e+05  -3.9913e+01
